# Blender v2.91.0 OBJ File: 'CharacterModel.blend'
# www.blender.org
mtllib 3dglasses.mtl
o redblueglasses_Cube.005
v 0.260622 9.282683 1.667608
v 0.473908 9.716344 1.696205
v 0.243575 9.285307 1.637903
v 0.457988 9.719625 1.660972
v 0.686519 9.266330 1.431601
v 0.697906 9.687478 1.518735
v 0.654946 9.278440 1.403341
v 0.680994 9.687597 1.467955
v 0.215072 9.260314 1.701632
v 0.442318 9.775618 1.718041
v 0.430336 9.778935 1.695469
v 0.203773 9.262780 1.680488
v 0.682460 9.264218 1.365283
v 0.747768 9.753627 1.422735
v 0.763538 9.751997 1.449560
v 0.698254 9.261059 1.386138
v 0.058771 9.703614 1.762426
v 0.152878 9.680146 1.762307
v 0.139106 9.681385 1.718669
v 0.099468 9.539972 1.697455
v 0.111563 9.539718 1.741092
v 0.759094 9.610598 1.336834
v 0.775205 9.608748 1.360325
v 0.718999 9.531394 1.414046
v 0.738740 9.529459 1.446214
v 0.861661 9.702116 1.107838
v 0.880188 9.700303 1.122752
v 0.844259 9.615011 1.109966
v 0.862776 9.613848 1.124880
v 0.955597 9.732503 0.590100
v 0.975224 9.732107 0.603962
v 0.939422 9.656210 0.611998
v 0.959049 9.655996 0.625859
v 0.952768 9.388975 -0.103274
v 0.967280 9.394925 -0.095722
v 0.953335 9.316669 -0.051300
v 0.967846 9.322618 -0.043748
v 0.968223 9.551730 0.162247
v 0.987781 9.553713 0.175161
v 0.978985 9.666723 0.106208
v 0.998543 9.668705 0.119121
v 0.510282 9.711653 1.665088
v 0.679030 9.670740 1.481844
v 0.631330 9.277523 1.455800
v 0.219266 9.286905 1.678575
v 0.160340 9.676422 1.733068
v 0.125505 9.550249 1.709983
v 0.723359 9.511638 1.439652
v 0.547669 9.188446 1.450915
v 0.561624 9.184929 1.471732
v 0.524492 9.218046 1.466522
v 0.553981 9.206372 1.497293
v -0.260622 9.282683 1.667608
v -0.473908 9.716344 1.696205
v -0.243575 9.285307 1.637903
v -0.457988 9.719625 1.660972
v -0.686519 9.266329 1.431601
v -0.697907 9.687477 1.518735
v -0.654946 9.278440 1.403341
v -0.680994 9.687597 1.467956
v -0.215072 9.260315 1.701632
v -0.442318 9.775617 1.718041
v -0.430336 9.778935 1.695469
v -0.203773 9.262780 1.680488
v -0.682460 9.264217 1.365283
v -0.747768 9.753627 1.422735
v -0.763538 9.751999 1.449560
v -0.698254 9.261060 1.386138
v 0.000000 9.687599 1.796071
v -0.058771 9.703614 1.762426
v -0.152878 9.680147 1.762307
v -0.139106 9.681385 1.718669
v 0.000000 9.568918 1.746691
v -0.099468 9.539972 1.697455
v 0.000000 9.592685 1.766784
v -0.111563 9.539717 1.741092
v 0.000000 9.604320 1.787190
v 0.000000 9.711396 1.797115
v 0.000000 9.687779 1.777095
v 0.000000 9.592546 1.766100
v -0.759094 9.610599 1.336834
v -0.775205 9.608748 1.360325
v -0.718999 9.531394 1.414047
v -0.738740 9.529459 1.446214
v -0.861661 9.702115 1.107838
v -0.880188 9.700301 1.122752
v -0.844259 9.615011 1.109966
v -0.862776 9.613848 1.124880
v -0.955597 9.732502 0.590100
v -0.975224 9.732107 0.603962
v -0.939422 9.656210 0.611998
v -0.959049 9.655998 0.625859
v -0.952768 9.388975 -0.103274
v -0.967280 9.394925 -0.095722
v -0.953335 9.316669 -0.051300
v -0.967846 9.322618 -0.043748
v -0.968223 9.551730 0.162247
v -0.987781 9.553714 0.175161
v -0.978985 9.666722 0.106208
v -0.998543 9.668706 0.119121
v -0.510282 9.711653 1.665088
v -0.679030 9.670740 1.481844
v -0.631330 9.277523 1.455800
v -0.219266 9.286905 1.678575
v -0.160340 9.676422 1.733068
v -0.125505 9.550249 1.709983
v -0.723359 9.511638 1.439652
v -0.547669 9.188446 1.450915
v -0.561624 9.184930 1.471732
v -0.524492 9.218046 1.466522
v -0.553981 9.206372 1.497293
v 0.203566 9.258586 1.697216
v 0.237686 9.747183 1.773304
v 0.430735 9.788471 1.711888
v 0.088455 9.394244 1.728477
v 0.379695 9.202839 1.568858
v 0.607340 9.780250 1.579021
v 0.718932 9.426994 1.355878
v 0.690696 9.260853 1.370095
v 0.753357 9.770638 1.442336
v 0.734137 9.424576 1.376864
v 0.654669 9.191545 1.408292
v 0.620621 9.777652 1.603850
v 0.297932 9.706428 1.746858
v 0.143111 9.406089 1.684076
v 0.408278 9.230236 1.541664
v 0.595364 9.714619 1.562876
v 0.699177 9.395433 1.402232
v 0.725199 9.388272 1.429950
v 0.618767 9.215899 1.461350
v 0.611982 9.712652 1.606893
v 0.235037 9.268744 1.689614
v 0.459890 9.745372 1.710712
v 0.442537 9.749576 1.675222
v 0.217906 9.271805 1.658304
v 0.672930 9.271891 1.376967
v 0.701770 9.722047 1.459380
v 0.720977 9.720934 1.506307
v 0.701521 9.262967 1.407354
v 0.479853 9.705479 1.684894
v 0.685725 9.672752 1.506510
v 0.650774 9.271274 1.452916
v 0.266573 9.299867 1.631649
v 0.000000 9.640141 1.783317
v 0.232911 9.750953 1.749631
v 0.099483 9.629948 1.756380
v 0.282991 9.709067 1.709829
v 0.163153 9.676386 1.747603
v 0.107511 9.691372 1.734912
v 0.114724 9.688653 1.777347
v 0.064714 9.722273 1.782543
v 0.016940 9.637632 1.748436
v 0.086874 9.630467 1.709953
v 0.095913 9.394838 1.750962
v 0.156222 9.405767 1.720371
v 0.000000 9.571924 1.752169
v 0.073669 9.540302 1.756252
v 0.125220 9.544843 1.725443
v 0.064294 9.538803 1.714842
v 0.000000 9.644505 1.793429
v 0.000000 9.708529 1.787092
v 0.000000 9.640163 1.772013
v 0.000000 9.594492 1.779955
v 0.000000 9.594543 1.780662
v 0.000000 9.571795 1.754519
v 0.004407 9.689546 1.773183
v 0.000000 9.708376 1.800747
v 0.770898 9.695398 1.355693
v 0.791068 9.693613 1.387438
v 0.717389 9.629827 1.425921
v 0.734558 9.630149 1.469591
v 0.753506 9.565784 1.418089
v 0.732421 9.568005 1.384347
v 0.767776 9.585974 1.329226
v 0.717722 9.515087 1.430469
v 0.874188 9.717480 1.114896
v 0.849487 9.658842 1.106106
v 0.874955 9.656796 1.126612
v 0.850253 9.598159 1.117822
v 0.818510 9.632719 1.272143
v 0.834212 9.721656 1.298157
v 0.802028 9.634249 1.254618
v 0.817714 9.723470 1.280320
v 0.968443 9.746593 0.592925
v 0.943829 9.694415 0.598450
v 0.970817 9.693995 0.617510
v 0.946203 9.641816 0.623035
v 0.914199 9.632156 0.893738
v 0.930850 9.710264 0.880391
v 0.911360 9.711433 0.866398
v 0.894710 9.632811 0.879745
v 0.956908 9.374969 -0.117770
v 0.948988 9.328652 -0.090281
v 0.966657 9.336516 -0.081366
v 0.958737 9.290200 -0.053878
v 0.960608 9.412957 0.021787
v 0.983100 9.636254 0.377857
v 0.964221 9.516171 -0.041541
v 0.997954 9.733054 0.339532
v 0.963481 9.636035 0.364114
v 0.979209 9.418253 0.032524
v 0.978335 9.732857 0.325789
v 0.982821 9.521467 -0.030804
v 0.990782 9.689276 0.102157
v 0.996829 9.611581 0.149562
v 0.969937 9.608853 0.131806
v 0.975985 9.531161 0.179212
v 0.470545 9.707223 1.663486
v 0.675932 9.672562 1.474431
v 0.630895 9.279155 1.435929
v 0.277934 9.297888 1.649851
v 0.154394 9.677100 1.720423
v 0.117324 9.544916 1.698273
v 0.729499 9.513968 1.449748
v 0.709376 9.380299 1.431493
v 0.167404 9.430021 1.693882
v 0.109645 9.630444 1.725839
v 0.454625 9.256539 1.546770
v 0.307015 9.699703 1.724730
v 0.605644 9.699429 1.576212
v 0.714887 9.610813 1.446736
v 0.279933 9.611687 1.708882
v 0.588545 9.596602 1.573238
v 0.501090 9.420645 1.561511
v 0.364774 9.499280 1.668383
v 0.639503 9.195081 1.387347
v 0.392725 9.199669 1.589483
v 0.586693 9.229354 1.431838
v 0.432473 9.222195 1.570352
v 0.567855 9.195480 1.482436
v 0.542395 9.204475 1.451885
v 0.552837 9.181664 1.460036
v -0.203566 9.258586 1.697216
v -0.237686 9.747183 1.773304
v -0.430735 9.788471 1.711888
v -0.088455 9.394245 1.728477
v -0.379695 9.202839 1.568858
v -0.607340 9.780250 1.579021
v -0.718932 9.426994 1.355878
v -0.690696 9.260853 1.370095
v -0.753357 9.770637 1.442336
v -0.734137 9.424576 1.376864
v -0.654669 9.191545 1.408292
v -0.620621 9.777652 1.603850
v -0.297932 9.706428 1.746857
v -0.143111 9.406090 1.684076
v -0.408278 9.230236 1.541664
v -0.595364 9.714619 1.562876
v -0.699177 9.395433 1.402232
v -0.725199 9.388272 1.429950
v -0.618767 9.215899 1.461350
v -0.611982 9.712652 1.606893
v -0.235037 9.268744 1.689614
v -0.459890 9.745373 1.710712
v -0.442537 9.749577 1.675222
v -0.217906 9.271805 1.658304
v -0.672930 9.271890 1.376967
v -0.701770 9.722047 1.459380
v -0.720977 9.720935 1.506307
v -0.701521 9.262966 1.407354
v -0.479853 9.705479 1.684894
v -0.685725 9.672752 1.506510
v -0.650774 9.271274 1.452916
v -0.266573 9.299867 1.631649
v -0.232911 9.750952 1.749631
v -0.099483 9.629948 1.756380
v -0.282991 9.709067 1.709829
v -0.163153 9.676387 1.747603
v -0.107511 9.691371 1.734912
v -0.114724 9.688653 1.777347
v -0.064714 9.722274 1.782543
v -0.016940 9.637632 1.748436
v -0.086874 9.630467 1.709952
v -0.095913 9.394838 1.750963
v -0.156222 9.405767 1.720371
v -0.073669 9.540300 1.756252
v -0.125220 9.544843 1.725443
v -0.064294 9.538803 1.714842
v -0.004407 9.689546 1.773183
v -0.770898 9.695397 1.355693
v -0.791068 9.693613 1.387438
v -0.717389 9.629827 1.425921
v -0.734558 9.630151 1.469591
v -0.753506 9.565784 1.418089
v -0.732421 9.568005 1.384347
v -0.767776 9.585976 1.329226
v -0.717722 9.515086 1.430469
v -0.874188 9.717480 1.114896
v -0.849487 9.658842 1.106106
v -0.874955 9.656796 1.126612
v -0.850253 9.598160 1.117822
v -0.818510 9.632719 1.272143
v -0.834212 9.721656 1.298157
v -0.802028 9.634251 1.254618
v -0.817714 9.723470 1.280319
v -0.968443 9.746593 0.592925
v -0.943829 9.694415 0.598450
v -0.970817 9.693994 0.617510
v -0.946203 9.641816 0.623035
v -0.914199 9.632155 0.893738
v -0.930850 9.710264 0.880391
v -0.911360 9.711433 0.866398
v -0.894710 9.632811 0.879745
v -0.956908 9.374969 -0.117770
v -0.948988 9.328651 -0.090281
v -0.966657 9.336516 -0.081366
v -0.958737 9.290199 -0.053878
v -0.960608 9.412958 0.021787
v -0.983100 9.636255 0.377857
v -0.964221 9.516171 -0.041541
v -0.997954 9.733054 0.339532
v -0.963481 9.636034 0.364114
v -0.979209 9.418253 0.032524
v -0.978335 9.732856 0.325789
v -0.982821 9.521467 -0.030804
v -0.990782 9.689276 0.102157
v -0.996829 9.611581 0.149562
v -0.969937 9.608854 0.131806
v -0.975985 9.531160 0.179212
v -0.470545 9.707224 1.663486
v -0.675932 9.672563 1.474431
v -0.630895 9.279155 1.435929
v -0.277934 9.297888 1.649851
v -0.154394 9.677100 1.720423
v -0.117324 9.544916 1.698273
v -0.729499 9.513968 1.449748
v -0.709376 9.380299 1.431493
v -0.167404 9.430021 1.693882
v -0.109645 9.630444 1.725839
v -0.454625 9.256538 1.546770
v -0.307015 9.699703 1.724730
v -0.605644 9.699429 1.576212
v -0.714887 9.610813 1.446736
v -0.279933 9.611687 1.708882
v -0.588545 9.596603 1.573239
v -0.501090 9.420645 1.561511
v -0.364774 9.499280 1.668383
v -0.639503 9.195081 1.387347
v -0.392725 9.199669 1.589483
v -0.586693 9.229354 1.431838
v -0.432473 9.222195 1.570352
v -0.567855 9.195480 1.482436
v -0.542395 9.204475 1.451885
v -0.552837 9.181663 1.460036
v 0.228417 9.758505 1.767468
v 0.721769 9.613397 1.465612
v 0.830845 9.677769 1.286881
v 0.607315 9.699553 1.592697
v 0.646271 9.188222 1.394159
v 0.614857 9.791345 1.592958
v 0.271150 9.726366 1.763151
v 0.114369 9.397273 1.703368
v 0.629059 9.212197 1.395781
v 0.598742 9.747648 1.569317
v 0.738156 9.667646 1.403229
v 0.731992 9.406329 1.406786
v 0.407378 9.209291 1.586071
v 0.617302 9.744691 1.611153
v 0.297394 9.700177 1.710611
v 0.494006 9.236581 1.532491
v 0.103441 9.630041 1.712323
v 0.257259 9.729905 1.726207
v 0.061168 9.632679 1.770271
v 0.082993 9.392824 1.745696
v 0.127070 9.396563 1.739538
v 0.161899 9.418525 1.681578
v 0.053576 9.632968 1.725703
v 0.001034 9.638042 1.762609
v 0.005945 9.709795 1.786645
v 0.757888 9.666963 1.445624
v 0.706975 9.411933 1.376593
v 0.728655 9.428682 1.356642
v 0.716100 9.380851 1.436731
v 0.926179 9.671040 0.889688
v 0.806877 9.615979 1.258665
v 0.808318 9.680021 1.262801
v 0.827988 9.738401 1.294010
v 0.969108 9.394278 0.037907
v 0.924227 9.725542 0.870892
v 0.901332 9.617788 0.889244
v 0.899381 9.672292 0.870448
v 0.952607 9.283869 -0.111664
v 0.958674 9.461215 -0.013078
v 0.984265 9.468635 0.001633
v 0.973831 9.535571 -0.049352
v 0.990930 9.751106 0.325475
v 0.994205 9.684694 0.361272
v 0.967229 9.684405 0.342375
v 0.970505 9.617994 0.378171
v 0.699965 9.385603 1.420463
v 0.170097 9.418514 1.703777
v 0.111743 9.629727 1.741415
v 0.473984 9.244289 1.512925
v 0.306455 9.698726 1.733252
v 0.597705 9.700475 1.565258
v 0.711790 9.612944 1.438425
v 0.234147 9.655528 1.720264
v 0.644236 9.643346 1.530898
v 0.554205 9.348457 1.511306
v 0.276583 9.521127 1.698305
v 0.485880 9.510044 1.610840
v 0.657456 9.202065 1.426537
v 0.385730 9.215550 1.556145
v 0.382884 9.197219 1.581916
v -0.228417 9.758506 1.767468
v -0.721769 9.613396 1.465612
v -0.830845 9.677769 1.286881
v -0.607315 9.699553 1.592697
v -0.646271 9.188221 1.394159
v -0.614857 9.791346 1.592958
v -0.271150 9.726365 1.763151
v -0.114369 9.397274 1.703368
v -0.629059 9.212198 1.395781
v -0.598742 9.747648 1.569317
v -0.738156 9.667647 1.403229
v -0.731992 9.406328 1.406786
v -0.407378 9.209291 1.586071
v -0.617302 9.744691 1.611153
v -0.297394 9.700178 1.710610
v -0.494006 9.236581 1.532491
v -0.103441 9.630042 1.712323
v -0.257259 9.729905 1.726207
v -0.061168 9.632679 1.770271
v 0.000000 9.574606 1.768061
v -0.082993 9.392825 1.745696
v -0.127070 9.396564 1.739538
v -0.161899 9.418525 1.681578
v -0.053576 9.632969 1.725703
v 0.000000 9.642913 1.785524
v -0.001034 9.638043 1.762609
v 0.000000 9.642892 1.791685
v -0.005945 9.709796 1.786645
v -0.757889 9.666964 1.445624
v -0.706975 9.411932 1.376593
v -0.728655 9.428682 1.356642
v -0.716100 9.380850 1.436731
v -0.926179 9.671039 0.889688
v -0.806877 9.615979 1.258665
v -0.808318 9.680021 1.262801
v -0.827988 9.738401 1.294010
v -0.969108 9.394278 0.037907
v -0.924227 9.725541 0.870892
v -0.901332 9.617788 0.889244
v -0.899381 9.672292 0.870448
v -0.952607 9.283869 -0.111664
v -0.958674 9.461214 -0.013078
v -0.984265 9.468635 0.001633
v -0.973831 9.535571 -0.049352
v -0.990930 9.751106 0.325475
v -0.994205 9.684694 0.361272
v -0.967229 9.684405 0.342375
v -0.970505 9.617993 0.378171
v -0.699965 9.385603 1.420463
v -0.170097 9.418515 1.703777
v -0.111743 9.629727 1.741415
v -0.473984 9.244289 1.512925
v -0.306455 9.698726 1.733252
v -0.597705 9.700477 1.565258
v -0.711790 9.612944 1.438425
v -0.234147 9.655528 1.720264
v -0.644236 9.643346 1.530898
v -0.554205 9.348457 1.511306
v -0.276583 9.521126 1.698305
v -0.485880 9.510044 1.610840
v -0.657456 9.202065 1.426537
v -0.385730 9.215550 1.556145
v -0.382884 9.197218 1.581916
vt 0.842024 0.680373
vt 0.766789 0.688864
vt 0.842999 0.687070
vt 0.765772 0.669684
vt 0.694592 0.690134
vt 0.695394 0.718803
vt 0.767806 0.708044
vt 0.843975 0.693766
vt 0.581655 0.712659
vt 0.581928 0.706697
vt 0.577885 0.706776
vt 0.589433 0.710477
vt 0.583988 0.706578
vt 0.594383 0.712138
vt 0.590878 0.706887
vt 0.574114 0.700893
vt 0.580398 0.654775
vt 0.539106 0.693196
vt 0.541622 0.652626
vt 0.563271 0.689189
vt 0.538836 0.733460
vt 0.487589 0.748026
vt 0.486157 0.702203
vt 0.484724 0.656380
vt 0.662037 0.694478
vt 0.622738 0.716223
vt 0.675082 0.730634
vt 0.618075 0.697685
vt 0.624923 0.733274
vt 0.676598 0.752664
vt 0.679017 0.709833
vt 0.647839 0.720587
vt 0.679018 0.715570
vt 0.647787 0.714094
vt 0.626645 0.718568
vt 0.626877 0.725976
vt 0.647891 0.727080
vt 0.679020 0.721308
vt 0.579226 0.730151
vt 0.630613 0.690787
vt 0.579812 0.692463
vt 0.630790 0.724332
vt 0.693790 0.661465
vt 0.630435 0.657243
vt 0.802656 0.753288
vt 0.754251 0.711204
vt 0.813261 0.708531
vt 0.744553 0.754375
vt 0.685194 0.707065
vt 0.839421 0.676149
vt 0.824269 0.683517
vt 0.840042 0.671835
vt 0.821308 0.688047
vt 0.788800 0.697060
vt 0.792435 0.689136
vt 0.828038 0.679276
vt 0.848701 0.670506
vt 0.677267 0.732996
vt 0.648088 0.726241
vt 0.678142 0.721414
vt 0.648388 0.738388
vt 0.628623 0.723665
vt 0.626413 0.711160
vt 0.587441 0.670964
vt 0.626405 0.684632
vt 0.586562 0.696384
vt 0.621344 0.645769
vt 0.685924 0.671341
vt 0.590765 0.717368
vt 0.572437 0.700236
vt 0.580371 0.703668
vt 0.577542 0.698070
vt 0.560800 0.702723
vt 0.565196 0.682250
vt 0.590628 0.708647
vt 0.604117 0.713004
vt 0.582028 0.707479
vt 0.609421 0.707180
vt 0.628684 0.714697
vt 0.598198 0.720253
vt 0.567451 0.720245
vt 0.676755 0.696121
vt 0.731881 0.699182
vt 0.677887 0.708714
vt 0.729062 0.688830
vt 0.788643 0.690256
vt 0.792627 0.697079
vt 0.734701 0.709534
vt 0.627958 0.695680
vt 0.590096 0.687822
vt 0.830763 0.563230
vt 0.748328 0.621352
vt 0.746400 0.628854
vt 0.830965 0.589607
vt 0.749133 0.615584
vt 0.676455 0.623880
vt 0.674857 0.650510
vt 0.636598 0.721883
vt 0.705410 0.698662
vt 0.646471 0.708768
vt 0.801698 0.691798
vt 0.719148 0.706841
vt 0.784660 0.683432
vt 0.781057 0.688884
vt 0.655706 0.699214
vt 0.726431 0.689217
vt 0.630491 0.703417
vt 0.645309 0.700805
vt 0.848211 0.677180
vt 0.838558 0.631420
vt 0.839487 0.620205
vt 0.846494 0.673771
vt 0.836369 0.644697
vt 0.803235 0.606575
vt 0.827473 0.588430
vt 0.755260 0.662058
vt 0.745642 0.614408
vt 0.812221 0.658101
vt 0.818051 0.696489
vt 0.764565 0.708384
vt 0.839572 0.685910
vt 0.839067 0.698522
vt 0.840647 0.689462
vt 0.836328 0.713803
vt 0.846376 0.681909
vt 0.850728 0.683445
vt 0.828514 0.684050
vt 0.792531 0.693107
vt 0.828990 0.688824
vt 0.849715 0.676975
vt 0.824611 0.686967
vt 0.821139 0.684142
vt 0.822269 0.686045
vt 0.824955 0.684489
vt 0.781316 0.700685
vt 0.822200 0.687082
vt 0.846563 0.668434
vt 0.847387 0.672807
vt 0.838610 0.662551
vt 0.843072 0.677900
vt 0.848032 0.685103
vt 0.842693 0.690449
vt 0.853298 0.678340
vt 0.857895 0.686175
vt 0.850661 0.689443
vt 0.843426 0.692710
vt 0.842666 0.690004
vt 0.842480 0.687236
vt 0.839759 0.687410
vt 0.843181 0.693405
vt 0.842936 0.694099
vt 0.575750 0.695289
vt 0.630833 0.736169
vt 0.603504 0.713923
vt 0.609582 0.727018
vt 0.596918 0.700059
vt 0.597558 0.710156
vt 0.566323 0.701247
vt 0.611027 0.711791
vt 0.609126 0.717271
vt 0.390794 0.710916
vt 0.387283 0.669732
vt 0.394304 0.752101
vt 0.289959 0.753357
vt 0.286007 0.717590
vt 0.282054 0.681824
vt 0.537299 0.697749
vt 0.535762 0.662038
vt 0.483759 0.652669
vt 0.485674 0.700348
vt 0.536296 0.701077
vt 0.539232 0.740809
vt 0.481365 0.749744
vt 0.482562 0.701207
vt 0.540427 0.696718
vt 0.483045 0.703062
vt 0.150025 0.764151
vt 0.100999 0.721294
vt 0.102943 0.756145
vt 0.147946 0.725211
vt 0.099055 0.686442
vt 0.057597 0.687599
vt 0.059509 0.714028
vt 0.061421 0.740457
vt 0.385193 0.710508
vt 0.383102 0.751284
vt 0.279812 0.718123
vt 0.277569 0.754423
vt 0.392003 0.707849
vt 0.389701 0.663597
vt 0.284960 0.680146
vt 0.287460 0.716752
vt 0.386402 0.707440
vt 0.281265 0.717285
vt 0.071756 0.695969
vt 0.062846 0.713651
vt 0.062891 0.714680
vt 0.071199 0.716008
vt 0.062800 0.712621
vt 0.076420 0.694230
vt 0.075368 0.715767
vt 0.074315 0.737303
vt 0.145867 0.686271
vt 0.101029 0.723828
vt 0.100825 0.687488
vt 0.146222 0.729660
vt 0.101233 0.760168
vt 0.070643 0.736047
vt 0.151138 0.679645
vt 0.106070 0.719365
vt 0.107585 0.682979
vt 0.150581 0.721898
vt 0.104555 0.755751
vt 0.146576 0.773049
vt 0.102620 0.721154
vt 0.099144 0.759952
vt 0.148857 0.726347
vt 0.106097 0.682357
vt 0.064516 0.689247
vt 0.059223 0.711782
vt 0.053931 0.734317
vt 0.203098 0.724512
vt 0.201021 0.766439
vt 0.205176 0.682584
vt 0.207129 0.721373
vt 0.209083 0.760162
vt 0.202703 0.726462
vt 0.204386 0.686486
vt 0.206734 0.723324
vt 0.610204 0.721468
vt 0.608427 0.726403
vt 0.646665 0.725529
vt 0.581592 0.712555
vt 0.581528 0.712450
vt 0.822200 0.684710
vt 0.822065 0.684668
vt 0.847593 0.683648
vt 0.846975 0.690116
vt 0.838995 0.724271
vt 0.846668 0.683122
vt 0.840591 0.733473
vt 0.832970 0.789767
vt 0.828139 0.766580
vt 0.705728 0.719420
vt 0.656179 0.737561
vt 0.645752 0.738959
vt 0.785165 0.704985
vt 0.727008 0.721646
vt 0.830192 0.740094
vt 0.748326 0.748130
vt 0.747995 0.752725
vt 0.831581 0.764930
vt 0.747503 0.742122
vt 0.619283 0.671310
vt 0.619369 0.646668
vt 0.572876 0.689522
vt 0.577582 0.701288
vt 0.582746 0.713169
vt 0.574851 0.688624
vt 0.700323 0.313657
vt 0.753634 0.313657
vt 0.768980 0.251995
vt 0.799671 0.128670
vt 0.749997 0.221164
vt 0.806945 0.313657
vt 0.803308 0.221163
vt 0.525797 0.395110
vt 0.583037 0.343151
vt 0.602976 0.395497
vt 0.532066 0.242457
vt 0.528932 0.318784
vt 0.680154 0.395883
vt 0.632884 0.309612
vt 0.952663 0.147279
vt 0.859770 0.313544
vt 0.801942 0.280820
vt 0.952663 0.393599
vt 0.952663 0.270439
vt 0.816409 0.394741
vt 0.711339 0.067786
vt 0.832001 0.107533
vt 0.732023 0.152507
vt 0.621702 0.155122
vt 0.742365 0.194868
vt 0.723269 0.261831
vt 0.647916 0.713749
vt 0.647940 0.700418
vt 0.732195 0.710709
vt 0.729644 0.721075
vt 0.734747 0.700343
vt 0.734724 0.704938
vt 0.766789 0.688864
vt 0.765772 0.669684
vt 0.842999 0.687070
vt 0.767806 0.708044
vt 0.695394 0.718803
vt 0.694592 0.690134
vt 0.693790 0.661465
vt 0.581655 0.712659
vt 0.581928 0.706697
vt 0.589433 0.710477
vt 0.577885 0.706776
vt 0.590878 0.706887
vt 0.594383 0.712138
vt 0.583988 0.706578
vt 0.590628 0.708647
vt 0.580398 0.654775
vt 0.539106 0.693196
vt 0.563271 0.689189
vt 0.541622 0.652626
vt 0.486157 0.702203
vt 0.487589 0.748026
vt 0.538836 0.733460
vt 0.567451 0.720245
vt 0.662037 0.694478
vt 0.622738 0.716223
vt 0.618075 0.697685
vt 0.675082 0.730634
vt 0.624923 0.733274
vt 0.574114 0.700893
vt 0.679017 0.709833
vt 0.647839 0.720587
vt 0.647787 0.714094
vt 0.679018 0.715570
vt 0.647891 0.727080
vt 0.626877 0.725976
vt 0.626645 0.718568
vt 0.626413 0.711160
vt 0.579226 0.730151
vt 0.630613 0.690787
vt 0.630790 0.724332
vt 0.579812 0.692463
vt 0.630435 0.657243
vt 0.802656 0.753288
vt 0.754251 0.711204
vt 0.744553 0.754375
vt 0.813261 0.708531
vt 0.685194 0.707065
vt 0.676598 0.752664
vt 0.839421 0.676149
vt 0.824269 0.683517
vt 0.821308 0.688047
vt 0.840042 0.671835
vt 0.828038 0.679276
vt 0.792435 0.689136
vt 0.788800 0.697060
vt 0.785165 0.704985
vt 0.677267 0.732996
vt 0.648088 0.726241
vt 0.648388 0.738388
vt 0.678142 0.721414
vt 0.628623 0.723665
vt 0.630833 0.736169
vt 0.587441 0.670964
vt 0.626405 0.684632
vt 0.621344 0.645769
vt 0.586562 0.696384
vt 0.685924 0.671341
vt 0.676455 0.623880
vt 0.590765 0.717368
vt 0.572437 0.700236
vt 0.577542 0.698070
vt 0.580371 0.703668
vt 0.560800 0.702723
vt 0.604117 0.713004
vt 0.609421 0.707180
vt 0.582028 0.707479
vt 0.598198 0.720253
vt 0.628684 0.714697
vt 0.630491 0.703417
vt 0.676755 0.696121
vt 0.731881 0.699182
vt 0.729062 0.688830
vt 0.677887 0.708714
vt 0.734701 0.709534
vt 0.792627 0.697079
vt 0.788643 0.690256
vt 0.784660 0.683432
vt 0.627958 0.695680
vt 0.590096 0.687822
vt 0.830763 0.563230
vt 0.748328 0.621352
vt 0.830965 0.589607
vt 0.746400 0.628854
vt 0.674857 0.650510
vt 0.749133 0.615584
vt 0.831167 0.615984
vt 0.636598 0.721883
vt 0.705409 0.698662
vt 0.719148 0.706841
vt 0.646471 0.708768
vt 0.655706 0.699214
vt 0.645309 0.700805
vt 0.726431 0.689217
vt 0.801698 0.691798
vt 0.781057 0.688884
vt 0.848211 0.677180
vt 0.838558 0.631420
vt 0.846494 0.673771
vt 0.839487 0.620205
vt 0.827473 0.588430
vt 0.803235 0.606575
vt 0.836369 0.644697
vt 0.755260 0.662058
vt 0.745642 0.614408
vt 0.764565 0.708384
vt 0.818051 0.696489
vt 0.812221 0.658101
vt 0.839572 0.685910
vt 0.839067 0.698522
vt 0.836328 0.713803
vt 0.840647 0.689462
vt 0.856845 0.679333
vt 0.863976 0.681691
vt 0.870056 0.677207
vt 0.860392 0.680326
vt 0.828514 0.684050
vt 0.828990 0.688824
vt 0.792531 0.693107
vt 0.824611 0.686967
vt 0.821139 0.684142
vt 0.822269 0.686045
vt 0.781316 0.700685
vt 0.824955 0.684489
vt 0.847387 0.672807
vt 0.846563 0.668434
vt 0.822200 0.687082
vt 0.838610 0.662551
vt 0.843072 0.677900
vt 0.864808 0.679741
vt 0.853247 0.687601
vt 0.853843 0.685870
vt 0.863320 0.682008
vt 0.848032 0.685103
vt 0.842693 0.690449
vt 0.851105 0.683834
vt 0.859736 0.680642
vt 0.842666 0.690004
vt 0.839759 0.687410
vt 0.575750 0.695289
vt 0.603504 0.713923
vt 0.609582 0.727018
vt 0.596918 0.700059
vt 0.565196 0.682250
vt 0.597558 0.710156
vt 0.566323 0.701247
vt 0.611027 0.711791
vt 0.609126 0.717271
vt 0.484724 0.656380
vt 0.390794 0.710916
vt 0.387283 0.669732
vt 0.286007 0.717590
vt 0.289959 0.753357
vt 0.394304 0.752101
vt 0.537299 0.697749
vt 0.485674 0.700348
vt 0.483759 0.652669
vt 0.535762 0.662038
vt 0.536295 0.701077
vt 0.482562 0.701207
vt 0.481365 0.749744
vt 0.539232 0.740809
vt 0.540427 0.696718
vt 0.483045 0.703062
vt 0.150025 0.764151
vt 0.100999 0.721294
vt 0.147946 0.725211
vt 0.102943 0.756145
vt 0.059509 0.714028
vt 0.057597 0.687599
vt 0.099055 0.686442
vt 0.145867 0.686271
vt 0.385193 0.710508
vt 0.383102 0.751284
vt 0.279812 0.718123
vt 0.282054 0.681824
vt 0.392003 0.707849
vt 0.287460 0.716752
vt 0.284960 0.680146
vt 0.389701 0.663597
vt 0.386402 0.707440
vt 0.281265 0.717285
vt 0.277569 0.754423
vt 0.071756 0.695969
vt 0.062846 0.713651
vt 0.071199 0.716008
vt 0.062891 0.714680
vt 0.075368 0.715767
vt 0.076420 0.694230
vt 0.062800 0.712621
vt 0.070643 0.736047
vt 0.101029 0.723828
vt 0.146222 0.729660
vt 0.100825 0.687488
vt 0.101233 0.760168
vt 0.146576 0.773049
vt 0.151138 0.679645
vt 0.106070 0.719365
vt 0.150581 0.721898
vt 0.107585 0.682979
vt 0.074315 0.737303
vt 0.104555 0.755751
vt 0.102620 0.721154
vt 0.148857 0.726347
vt 0.099144 0.759952
vt 0.059223 0.711782
vt 0.064516 0.689247
vt 0.106097 0.682357
vt 0.203098 0.724512
vt 0.201021 0.766439
vt 0.205176 0.682584
vt 0.207129 0.721373
vt 0.209083 0.760162
vt 0.202703 0.726462
vt 0.204386 0.686486
vt 0.206734 0.723324
vt 0.610204 0.721468
vt 0.646665 0.725529
vt 0.608427 0.726403
vt 0.581592 0.712555
vt 0.822200 0.684710
vt 0.822065 0.684668
vt 0.847593 0.683648
vt 0.838995 0.724271
vt 0.846668 0.683122
vt 0.828139 0.766580
vt 0.832970 0.789767
vt 0.840591 0.733473
vt 0.705728 0.719420
vt 0.645752 0.738959
vt 0.656179 0.737561
vt 0.727008 0.721646
vt 0.830192 0.740094
vt 0.748326 0.748130
vt 0.831581 0.764930
vt 0.747995 0.752725
vt 0.747503 0.742122
vt 0.619283 0.671310
vt 0.619369 0.646668
vt 0.572876 0.689522
vt 0.571638 0.678151
vt 0.577582 0.701288
vt 0.582746 0.713169
vt 0.574851 0.688624
vt 0.185533 0.313657
vt 0.235207 0.221164
vt 0.254189 0.251995
vt 0.292154 0.313657
vt 0.238843 0.313657
vt 0.284881 0.128670
vt 0.288517 0.221163
vt 0.011007 0.395110
vt 0.068246 0.343151
vt 0.014141 0.318784
vt 0.165363 0.395883
vt 0.088185 0.395497
vt 0.017275 0.242457
vt 0.118094 0.309612
vt 0.437873 0.147279
vt 0.344980 0.313544
vt 0.437873 0.270439
vt 0.287151 0.280820
vt 0.437873 0.393599
vt 0.301618 0.394741
vt 0.196548 0.067786
vt 0.106911 0.155122
vt 0.217232 0.152507
vt 0.317210 0.107533
vt 0.227574 0.194868
vt 0.208478 0.261831
vt 0.647916 0.713749
vt 0.647940 0.700418
vt 0.679020 0.721308
vt 0.732195 0.710709
vt 0.729644 0.721075
vt 0.734747 0.700343
vt 0.734724 0.704938
vt 0.831167 0.615984
vt 0.571638 0.678151
vt 0.843975 0.693766
vt 0.061421 0.740457
vt 0.053931 0.734317
vt 0.581528 0.712450
vt 0.846975 0.690116
vn 0.0092 0.3486 0.9372
vn 0.1461 0.5451 0.8255
vn -0.2411 0.8704 -0.4294
vn -0.2482 0.7457 -0.6183
vn -0.8984 -0.1479 0.4135
vn -0.9296 -0.1046 0.3533
vn -0.0911 -0.1638 0.9823
vn -0.0785 -0.5975 0.7980
vn -0.7753 -0.5919 0.2205
vn -0.7568 -0.6020 0.2546
vn 0.8766 -0.1817 0.4456
vn 0.8468 -0.3600 0.3917
vn 0.9181 -0.2720 0.2883
vn 0.9604 -0.0922 0.2630
vn -0.5643 0.2313 -0.7925
vn -0.5632 0.2304 -0.7936
vn -0.2349 -0.9702 0.0592
vn -0.2872 -0.9572 0.0363
vn 0.3624 -0.7413 0.5649
vn 0.4580 -0.5084 0.7292
vn -0.2724 -0.8396 -0.4699
vn 0.3366 -0.4753 -0.8129
vn 0.7560 -0.5742 -0.3142
vn 0.1686 -0.9749 0.1455
vn -0.4457 0.7351 -0.5109
vn -0.3213 0.8177 -0.4776
vn 0.3959 0.6679 0.6302
vn 0.6538 0.5560 0.5132
vn 0.2035 -0.5358 0.8194
vn 0.2833 -0.3493 0.8931
vn 0.2659 -0.0422 0.9631
vn 0.1577 -0.2655 0.9511
vn -0.4394 -0.0829 -0.8945
vn -0.5246 -0.1307 -0.8413
vn -0.6431 -0.3083 -0.7009
vn -0.4984 -0.1636 -0.8514
vn -0.5463 0.1649 -0.8212
vn -0.5915 0.1875 -0.7842
vn -0.5488 0.0753 -0.8325
vn -0.5575 -0.1338 -0.8193
vn -0.6805 0.2378 -0.6931
vn -0.5464 0.2138 -0.8098
vn -0.5133 0.3664 -0.7761
vn -0.7008 0.2422 -0.6710
vn -0.9496 0.1102 -0.2933
vn -0.7988 0.0810 -0.5961
vn -0.8577 0.2030 -0.4723
vn -0.9202 0.2026 -0.3350
vn 0.9415 -0.1485 0.3025
vn 0.9707 -0.2058 0.1242
vn 0.9741 -0.2173 -0.0627
vn 0.9571 -0.1941 0.2152
vn 0.4522 -0.4634 0.7621
vn 0.5212 0.0254 0.8530
vn 0.4178 -0.3369 0.8438
vn 0.3249 -0.7612 0.5613
vn 0.5270 -0.1625 0.8342
vn 0.6720 -0.2062 0.7113
vn 0.7377 0.0744 0.6710
vn 0.5353 0.1080 0.8377
vn 0.1530 -0.9790 -0.1343
vn 0.1479 -0.9799 -0.1336
vn 0.2049 -0.9745 -0.0911
vn -0.0426 -0.1557 -0.9869
vn -0.2244 -0.4067 -0.8856
vn 0.0325 -0.9861 0.1630
vn 0.1033 -0.9825 0.1551
vn 0.0956 -0.9837 0.1524
vn 0.3374 0.6872 0.6434
vn 0.2089 0.4787 0.8528
vn 0.2884 0.5286 0.7984
vn 0.4860 0.4048 0.7746
vn 0.5764 0.3950 0.7154
vn 0.4523 0.4730 0.7561
vn 0.5210 0.3273 0.7883
vn 0.5142 0.3301 0.7916
vn 0.5181 0.0329 0.8547
vn 0.5113 0.0319 0.8588
vn 0.4757 -0.1255 0.8706
vn 0.4824 -0.1275 0.8666
vn 0.8957 0.2016 -0.3964
vn 0.8761 0.2543 -0.4097
vn 0.1438 0.1839 -0.9724
vn 0.1240 0.0364 -0.9916
vn 0.6729 -0.6537 -0.3463
vn 0.6571 -0.6702 -0.3450
vn -0.2824 0.2895 -0.9146
vn -0.1712 0.4695 -0.8662
vn -0.2198 0.6009 -0.7685
vn -0.2950 0.4563 -0.8395
vn 0.3687 -0.0905 0.9251
vn 0.2896 -0.3877 0.8751
vn 0.1717 -0.2557 0.9514
vn -0.0984 -0.3274 0.9397
vn -0.2394 -0.5128 0.8245
vn -0.3445 -0.1928 0.9188
vn -0.8617 -0.4044 -0.3067
vn -0.7705 -0.6160 -0.1641
vn 0.5822 0.1823 0.7923
vn 0.5253 0.0968 0.8454
vn 0.3385 0.0892 0.9367
vn 0.4797 0.1055 0.8710
vn 0.7124 0.3247 -0.6221
vn 0.7127 0.3213 -0.6236
vn -0.2472 0.1823 -0.9516
vn 0.0083 0.1338 -0.9910
vn 0.6962 0.3318 -0.6366
vn 0.6975 0.3284 -0.6369
vn 0.6920 0.3808 -0.6133
vn -0.3072 0.4184 -0.8547
vn -0.4235 0.0561 -0.9042
vn -0.5080 0.1468 -0.8488
vn -0.3680 0.4102 -0.8344
vn -0.2419 0.2103 -0.9472
vn -0.6604 0.1012 -0.7441
vn -0.9936 0.0140 -0.1124
vn -0.6791 0.0779 -0.7299
vn 0.9211 -0.0855 0.3797
vn -0.1745 0.5543 -0.8138
vn -0.1582 0.4286 -0.8895
vn 1.0000 0.0000 0.0000
vn 0.7135 -0.2486 0.6551
vn 0.8287 -0.1801 0.5300
vn 0.8831 -0.2843 0.3733
vn 0.8309 -0.1714 0.5293
vn -0.7885 0.1901 -0.5849
vn -0.9681 0.1671 -0.1869
vn -0.9002 0.1547 -0.4071
vn -0.7275 0.1240 -0.6748
vn 0.4441 -0.1709 -0.8795
vn 0.1108 -0.1973 -0.9741
vn 0.9256 -0.2332 -0.2982
vn 0.8841 -0.2175 -0.4137
vn -0.5380 0.5580 0.6318
vn 0.7423 -0.3151 0.5914
vn 0.7252 -0.3443 0.5963
vn 0.7355 -0.2034 0.6462
vn 0.4180 -0.1891 0.8885
vn 0.5441 -0.1357 0.8280
vn -0.9414 0.0183 0.3367
vn -0.8589 0.0598 0.5086
vn -0.8973 0.0538 0.4382
vn 0.9771 -0.0686 0.2014
vn 0.9440 -0.2713 0.1878
vn 0.9546 -0.2661 0.1341
vn 0.9863 -0.0595 0.1536
vn 0.7329 -0.6556 0.1817
vn -0.7612 -0.3262 -0.5605
vn -0.8825 -0.4161 -0.2192
vn 0.6798 -0.6733 0.2906
vn -0.8913 0.1956 -0.4091
vn -0.8496 0.3447 -0.3993
vn -0.9215 0.2704 -0.2787
vn -0.9530 0.0881 -0.2899
vn -0.5256 0.7425 -0.4153
vn 0.8505 0.4006 0.3409
vn 0.8983 0.3985 0.1851
vn -0.6869 0.6791 -0.2590
vn 0.9102 -0.3262 0.2551
vn -0.9442 -0.2124 0.2517
vn -0.9097 -0.2199 0.3522
vn 0.8907 -0.3434 0.2978
vn -0.7141 0.6896 -0.1204
vn 0.8518 0.4879 0.1908
vn 0.8352 0.5223 0.1724
vn -0.7309 0.6794 -0.0652
vn 0.7238 -0.6816 0.1070
vn -0.8289 -0.5103 -0.2291
vn -0.8255 -0.5324 -0.1872
vn 0.7334 -0.6769 0.0626
vn -0.9757 0.0663 -0.2087
vn -0.9450 0.2701 -0.1847
vn -0.9547 0.2655 -0.1344
vn -0.9855 0.0571 -0.1596
vn -0.9695 -0.2101 0.1259
vn -0.9730 0.0306 -0.2288
vn 0.9513 -0.0831 -0.2968
vn 0.9650 -0.2346 -0.1172
vn -0.9985 -0.0005 0.0547
vn -0.9956 0.0920 -0.0164
vn -0.9978 0.0653 0.0130
vn -0.9941 -0.0074 0.1086
vn 0.9964 -0.0230 -0.0819
vn 0.9954 -0.0953 0.0075
vn 0.9937 -0.0915 -0.0652
vn 0.9882 -0.0464 -0.1461
vn -0.9029 0.3429 -0.2592
vn 0.9326 0.1959 -0.3031
vn 0.8462 0.1309 -0.5165
vn -0.7721 0.3324 -0.5417
vn -0.8216 0.5658 -0.0699
vn 0.9051 0.4169 0.0831
vn 0.9529 0.2922 -0.0815
vn -0.8877 0.4401 -0.1352
vn 0.9956 -0.0388 0.0854
vn 0.9769 -0.1911 0.0961
vn 0.9899 -0.1296 0.0570
vn 0.9996 -0.0247 0.0099
vn -0.9945 0.0325 -0.0992
vn -0.9769 0.1908 -0.0967
vn -0.9899 0.1287 -0.0589
vn -0.9995 0.0143 -0.0294
vn 0.8178 -0.5619 0.1240
vn -0.9161 -0.3974 -0.0523
vn -0.9549 -0.2809 0.0963
vn 0.8831 -0.4271 0.1943
vn -0.9104 0.3463 0.2262
vn -0.5539 0.4602 0.6938
vn -0.5625 0.4471 0.6955
vn -0.8375 0.0730 0.5415
vn -0.8091 0.1354 0.5718
vn -0.9884 0.1388 0.0609
vn 0.6471 0.2384 0.7242
vn 0.7666 0.5123 0.3871
vn 0.8005 0.4017 0.4448
vn 0.9414 0.3127 0.1267
vn 0.9399 0.2981 0.1664
vn 0.7238 0.1367 0.6764
vn 0.7735 -0.0038 0.6337
vn 0.9762 0.1782 -0.1234
vn 0.9828 0.1792 -0.0437
vn 0.6748 -0.7260 -0.1324
vn 0.6754 -0.7260 -0.1293
vn 0.5424 -0.6411 0.5429
vn -0.3309 0.9059 -0.2642
vn -0.5010 0.3961 -0.7695
vn -0.4312 0.2336 -0.8715
vn 0.5785 0.5329 0.6175
vn 0.5249 0.5210 0.6730
vn -0.3464 0.8011 -0.4881
vn -0.2955 0.7845 -0.5453
vn 0.2047 -0.7913 0.5762
vn 0.1431 -0.9843 -0.1035
vn 0.1253 -0.9897 -0.0689
vn -0.0766 -0.9124 -0.4020
vn -0.0777 -0.9118 -0.4033
vn 0.2473 -0.6306 0.7357
vn -0.4975 -0.6255 -0.6011
vn -0.7713 -0.2277 -0.5943
vn -0.2559 -0.9622 0.0935
vn -0.1369 -0.9843 0.1112
vn -0.2087 -0.9575 0.1989
vn 0.0981 -0.9662 0.2383
vn 0.1408 -0.9812 0.1319
vn 0.1051 -0.9666 0.2339
vn -0.9267 0.0300 -0.3745
vn -0.9406 -0.0838 0.3290
vn -0.9075 -0.1027 0.4074
vn -0.7886 -0.5863 0.1855
vn -0.7964 -0.5800 0.1712
vn -0.7676 -0.0175 -0.6407
vn 0.2171 -0.4904 0.8440
vn 0.2668 -0.5228 0.8096
vn 0.2804 -0.5202 0.8067
vn 0.0783 -0.1706 0.9822
vn 0.0721 -0.1763 0.9817
vn 0.0713 -0.1866 0.9798
vn 0.0948 -0.2552 0.9622
vn 0.0979 -0.2549 0.9620
vn 0.0819 -0.2535 0.9639
vn 0.7858 0.0975 0.6108
vn 0.8032 0.1174 0.5840
vn 0.7847 0.1132 0.6095
vn 0.6889 -0.1915 0.6991
vn 0.6416 -0.1174 0.7580
vn 0.6622 -0.1379 0.7365
vn 0.6212 -0.0878 0.7787
vn 0.6671 -0.1526 0.7292
vn 0.6736 -0.1120 0.7306
vn 0.5470 -0.2590 0.7961
vn 0.4657 -0.2419 0.8513
vn 0.4687 -0.2459 0.8484
vn 0.4658 -0.1741 0.8676
vn 0.4638 -0.1753 0.8684
vn 0.4669 -0.1716 0.8675
vn 0.4587 -0.1650 0.8731
vn 0.4764 -0.1033 0.8731
vn 0.4693 -0.1105 0.8761
vn 0.0594 -0.1129 0.9918
vn 0.0560 -0.1124 0.9921
vn 0.0534 -0.1147 0.9920
vn 0.1689 -0.1061 0.9799
vn 0.2404 -0.1200 0.9632
vn 0.2362 -0.1197 0.9643
vn 0.3574 -0.0909 0.9295
vn 0.2270 -0.1672 0.9594
vn 0.2857 -0.1501 0.9465
vn 0.4888 -0.3373 0.8046
vn 0.5295 -0.2791 0.8011
vn 0.5147 -0.2830 0.8093
vn 0.5143 -0.2201 0.8289
vn 0.4328 -0.2556 0.8645
vn 0.4485 -0.3090 0.8387
vn 0.5016 -0.3456 0.7931
vn 0.5542 -0.3284 0.7649
vn 0.5541 -0.3273 0.7654
vn 0.7600 -0.3850 0.5236
vn 0.4919 -0.4694 0.7333
vn 0.3505 -0.8336 0.4270
vn 0.8331 -0.5475 -0.0790
vn -0.5542 -0.1758 -0.8136
vn -0.5525 0.0268 -0.8331
vn -0.5375 -0.4549 -0.7100
vn -0.5703 -0.5673 -0.5941
vn -0.4411 -0.8692 -0.2234
vn -0.3063 -0.8993 -0.3122
vn 0.0706 -0.9723 0.2229
vn -0.0321 -0.8995 0.4357
vn 0.0249 0.4418 0.8968
vn 0.2327 0.8731 -0.4284
vn 0.2563 0.8385 -0.4809
vn -0.1505 0.5339 0.8320
vn 0.8093 -0.2284 0.5412
vn 0.8289 -0.1504 0.5389
vn 0.7108 -0.6283 0.3162
vn 0.6832 -0.6475 0.3377
vn -0.3578 -0.4653 0.8096
vn -0.5773 -0.1618 0.8003
vn -0.9314 0.0567 0.3595
vn -0.9490 -0.1448 0.2801
vn -0.8861 -0.3442 0.3105
vn -0.8894 -0.2814 0.3603
vn 0.1100 -0.9938 0.0186
vn 0.1306 -0.9887 0.0733
vn -0.3712 -0.7400 0.5608
vn -0.3530 -0.7531 0.5553
vn 0.1660 -0.9817 0.0933
vn 0.2055 -0.9693 0.1349
vn 0.2978 -0.8044 -0.5141
vn -0.1626 -0.9777 0.1333
vn -0.7459 -0.5702 -0.3441
vn -0.3031 -0.4555 -0.8371
vn 0.3548 0.8153 -0.4576
vn -0.6106 0.6342 0.4742
vn -0.3990 0.6628 0.6337
vn 0.3158 0.8238 -0.4708
vn -0.1771 -0.4691 0.8652
vn -0.1443 -0.2367 0.9608
vn -0.2738 -0.0733 0.9590
vn -0.2787 -0.3182 0.9061
vn 0.5357 -0.0907 -0.8395
vn 0.6735 -0.1802 -0.7169
vn 0.7087 -0.3688 -0.6015
vn 0.5624 -0.1574 -0.8118
vn 0.5018 0.3870 -0.7736
vn 0.5466 0.0773 -0.8338
vn 0.6574 0.2603 -0.7071
vn 0.6248 0.5431 -0.5609
vn 0.6969 0.2053 -0.6872
vn 0.6336 0.3694 -0.6798
vn 0.5285 0.3220 -0.7855
vn 0.5767 0.0889 -0.8121
vn 0.7852 0.0615 -0.6161
vn 0.8523 0.1443 -0.5028
vn 0.6985 0.2317 -0.6771
vn 0.6111 0.1765 -0.7716
vn -0.9739 -0.1159 0.1953
vn -0.9911 -0.1330 -0.0101
vn -0.9696 -0.2066 -0.1307
vn -0.8078 -0.2490 0.5343
vn -0.5183 0.0333 0.8546
vn -0.4632 -0.4306 0.7746
vn -0.5153 0.0013 0.8570
vn -0.5435 0.2616 0.7976
vn -0.5287 -0.1976 0.8255
vn -0.5302 0.1322 0.8375
vn -0.7181 0.2216 0.6598
vn -0.6727 -0.1992 0.7126
vn -0.1489 -0.9805 -0.1282
vn -0.1499 -0.9810 -0.1230
vn 0.0049 -0.9999 0.0124
vn -0.0266 -0.9983 -0.0517
vn 0.2185 -0.4309 -0.8755
vn -0.0096 -0.3492 -0.9370
vn -0.2160 0.1613 0.9630
vn -0.4269 0.2138 0.8786
vn -0.4989 0.1931 0.8449
vn -0.4792 -0.2102 0.8522
vn -0.4895 -0.0430 0.8709
vn -0.5104 0.0722 0.8569
vn 0.4161 0.1062 -0.9031
vn 0.4526 0.1008 -0.8860
vn -0.7847 0.2101 -0.5831
vn -0.7476 0.2251 -0.6248
vn -0.6673 -0.6768 -0.3109
vn -0.6739 -0.6799 -0.2891
vn -0.1422 0.0236 -0.9896
vn -0.0072 0.1378 -0.9904
vn 0.2707 0.3656 -0.8905
vn 0.2749 0.5554 -0.7848
vn 0.2174 0.6887 -0.6916
vn 0.1713 0.6552 -0.7358
vn -0.3314 -0.1143 0.9365
vn -0.1928 -0.1217 0.9737
vn -0.1575 -0.2708 0.9497
vn -0.2631 -0.3844 0.8849
vn -1.0000 0.0000 0.0000
vn 0.2512 -0.5216 0.8154
vn 0.7617 -0.5796 -0.2895
vn 0.8802 -0.4161 0.2284
vn 0.7250 -0.3965 0.5632
vn -0.5283 0.0860 0.8447
vn -0.3469 -0.0722 0.9351
vn -0.0814 -0.0852 0.9930
vn -0.3711 -0.0199 0.9284
vn -0.6140 0.3360 0.7142
vn -0.6420 0.2634 0.7200
vn -0.7035 0.3320 -0.6284
vn -0.7060 0.3316 -0.6258
vn 0.1615 0.0459 -0.9858
vn 0.3176 0.0965 -0.9433
vn 0.3427 0.4889 -0.8022
vn 0.4101 0.4991 -0.7633
vn 0.4219 0.0564 -0.9049
vn 0.4439 0.0617 -0.8939
vn 0.5692 0.4994 -0.6532
vn 0.9874 0.0912 -0.1292
vn 0.9992 0.0200 -0.0358
vn 0.9666 0.2405 -0.0883
vn 0.0198 0.3953 0.9183
vn 0.2077 0.9781 0.0109
vn 0.6887 0.4369 -0.5786
vn 0.3097 0.7410 -0.5958
vn -0.7626 -0.0642 0.6437
vn -0.8636 0.0244 0.5036
vn -0.9551 -0.1156 0.2728
vn -0.9121 -0.0564 0.4061
vn 0.9340 0.3526 -0.0572
vn 0.9055 0.2192 -0.3633
vn 0.9161 0.1675 -0.3642
vn 0.9585 0.1602 -0.2357
vn -0.0916 -0.0779 -0.9927
vn -0.9255 -0.2332 -0.2983
vn -0.9673 -0.2491 -0.0487
vn 0.5850 0.0440 -0.8098
vn -0.1620 0.0490 0.9856
vn 0.7508 0.0338 0.6596
vn 0.6137 -0.0154 0.7894
vn -0.6658 -0.1481 0.7313
vn -0.4920 -0.1444 0.8586
vn -0.9738 -0.0990 0.2046
vn -0.9847 -0.0806 0.1547
vn -0.9509 -0.2790 0.1344
vn -0.9429 -0.2750 0.1880
vn -0.8062 -0.5524 0.2119
vn -0.6599 -0.6928 0.2909
vn 0.9265 -0.2970 -0.2310
vn 0.8578 -0.1507 -0.4913
vn 0.8937 0.2123 -0.3952
vn 0.9454 0.1786 -0.2725
vn 0.9127 0.3064 -0.2705
vn 0.8641 0.1923 -0.4651
vn 0.5720 0.6932 -0.4385
vn 0.6718 0.6956 -0.2546
vn -0.9039 0.3831 0.1903
vn -0.7993 0.5393 0.2650
vn -0.8583 -0.3888 0.3349
vn -0.9086 -0.3235 0.2641
vn 0.9379 -0.1620 0.3068
vn 0.9583 -0.1756 0.2255
vn 0.7385 0.6617 -0.1296
vn 0.7271 0.6835 -0.0639
vn -0.8586 0.4816 0.1759
vn -0.8918 0.4043 0.2030
vn -0.7514 -0.6502 0.1121
vn -0.7337 -0.6766 0.0626
vn 0.8507 -0.4920 -0.1851
vn 0.8801 -0.4180 -0.2252
vn 0.9747 0.0986 -0.2007
vn 0.9848 0.0801 -0.1544
vn 0.9517 0.2777 -0.1312
vn 0.9443 0.2730 -0.1838
vn 0.9904 -0.1158 0.0749
vn -0.9736 -0.2139 -0.0798
vn -0.9253 -0.0687 -0.3731
vn 0.9613 0.0009 -0.2754
vn 0.9985 0.0462 0.0305
vn 0.9960 0.0225 0.0864
vn 0.9954 0.0949 -0.0108
vn 0.9898 0.1368 -0.0405
vn -0.9981 -0.0496 -0.0369
vn -0.9904 -0.0516 -0.1281
vn -0.9941 -0.1077 -0.0130
vn -0.9899 -0.1275 0.0616
vn 0.8650 0.3974 -0.3064
vn 0.8720 0.2667 -0.4104
vn -0.9201 0.0833 -0.3826
vn -0.9557 0.1536 -0.2510
vn 0.7330 0.6783 -0.0502
vn 0.8144 0.5594 -0.1543
vn -0.9493 0.3026 -0.0858
vn -0.8791 0.4704 0.0772
vn -0.9923 -0.0815 0.0935
vn -0.9975 -0.0621 0.0338
vn -0.9767 -0.1898 0.0998
vn -0.9558 -0.2709 0.1143
vn 0.9923 0.0812 -0.0938
vn 0.9975 0.0616 -0.0349
vn 0.9773 0.2022 -0.0638
vn 0.9571 0.2778 -0.0820
vn -0.7203 -0.6799 0.1376
vn -0.7970 -0.5452 0.2599
vn 0.9510 -0.2925 0.0998
vn 0.8885 -0.4562 -0.0491
vn 0.7345 0.3965 -0.5507
vn 0.9857 0.1266 0.1109
vn 0.7508 0.0390 0.6593
vn 0.7687 0.1059 0.6308
vn 0.7608 0.0427 0.6476
vn 0.7868 0.6135 0.0677
vn -0.6093 0.2018 0.7669
vn -0.7079 0.1325 0.6937
vn -0.9431 0.3141 0.1086
vn -0.9558 0.2739 0.1065
vn -0.8947 0.4069 0.1845
vn 0.4299 -0.0594 -0.9009
vn 0.4378 -0.0196 -0.8989
vn -0.7541 -0.0039 0.6568
vn -0.5615 -0.6810 0.4701
vn -0.6763 -0.7261 -0.1246
vn -0.6741 -0.7282 -0.1242
vn -0.9807 0.1781 0.0804
vn -0.9913 0.0991 0.0865
vn -0.9718 0.2185 0.0888
vn 0.5353 0.2822 -0.7961
vn 0.1765 0.9807 0.0845
vn 0.0993 0.9161 -0.3884
vn 0.1738 0.8979 -0.4045
vn 0.4166 0.2876 -0.8624
vn 0.4349 0.4941 -0.7528
vn -0.1788 -0.9160 0.3591
vn -0.1904 -0.7984 0.5713
vn -0.0255 -0.9933 -0.1124
vn -0.0630 -0.9929 -0.1008
vn -0.1549 -0.9874 -0.0323
vn -0.1163 -0.9928 -0.0274
vn 0.5714 -0.2274 -0.7886
vn 0.0811 -0.9960 -0.0364
vn -0.0316 -0.9976 -0.0621
vn 0.3962 -0.9162 -0.0598
vn 0.3235 -0.9456 0.0340
vn 0.7469 -0.0345 -0.6640
vn 0.9907 -0.0498 -0.1265
vn 0.8125 -0.1481 -0.5638
vn 0.8057 -0.5721 0.1536
vn 0.8002 -0.5829 0.1410
vn 0.8649 -0.1089 0.4900
vn 0.8254 -0.0743 0.5596
vn 0.8260 -0.1400 0.5460
vn -0.2022 -0.0356 0.9787
vn -0.2009 -0.0375 0.9789
vn -0.2148 -0.0476 0.9755
vn -0.0949 -0.2536 0.9627
vn -0.0958 -0.2523 0.9629
vn -0.1010 -0.2428 0.9648
vn -0.0773 -0.1743 0.9817
vn -0.0804 -0.1814 0.9801
vn -0.0675 -0.1824 0.9809
vn -0.7907 0.0591 0.6094
vn -0.8056 0.0973 0.5844
vn -0.8004 0.0595 0.5965
vn -0.7433 0.0690 0.6654
vn -0.7891 -0.0032 0.6143
vn -0.7687 0.0282 0.6390
vn -0.6703 -0.1455 0.7277
vn -0.6384 -0.1299 0.7586
vn -0.6755 -0.1172 0.7280
vn -0.4660 -0.1612 0.8700
vn -0.4610 -0.1716 0.8706
vn -0.4653 -0.1686 0.8690
vn -0.4847 -0.2240 0.8455
vn -0.5278 -0.1813 0.8298
vn -0.5302 -0.1862 0.8272
vn -0.4744 -0.1588 0.8659
vn -0.4817 -0.1574 0.8621
vn -0.4798 -0.1631 0.8621
vn -0.0573 -0.1145 0.9918
vn -0.0534 -0.1224 0.9910
vn -0.0525 -0.1172 0.9917
vn -0.0372 -0.0929 0.9950
vn -0.0383 -0.0945 0.9948
vn -0.0367 -0.0944 0.9949
vn -0.2733 -0.1714 0.9466
vn -0.2771 -0.1752 0.9447
vn -0.2785 -0.1744 0.9445
vn -0.4196 -0.2914 0.8597
vn -0.4321 -0.2819 0.8566
vn -0.4320 -0.2827 0.8564
vn -0.5041 -0.3210 0.8018
vn -0.5552 -0.3248 0.7657
vn -0.5458 -0.3394 0.7661
vn -0.4950 -0.3469 0.7966
vn -0.4962 -0.3535 0.7930
vn -0.4966 -0.3524 0.7932
vn -0.5692 -0.3172 0.7586
vn -0.8229 -0.5374 0.1842
vn -0.3836 -0.7595 0.5254
vn -0.4863 -0.4232 0.7645
vn 0.5164 -0.0503 -0.8549
vn 0.5702 -0.4296 -0.7002
vn 0.5556 -0.1331 -0.8207
vn 0.5139 0.2173 -0.8299
vn 0.4536 -0.8535 -0.2565
vn 0.0671 -0.9202 0.3856
vn -0.0688 -0.9730 0.2202
vn 0.3628 -0.8344 -0.4149
vn -0.0249 0.4419 0.8967
vn 0.1505 0.5339 0.8321
vn -0.2563 0.8386 -0.4807
vn -0.2327 0.8732 -0.4283
vn -0.8093 -0.2284 0.5411
vn -0.8289 -0.1504 0.5389
vn 0.5773 -0.1618 0.8003
vn 0.3577 -0.4654 0.8096
vn -0.7108 -0.6283 0.3161
vn -0.6831 -0.6475 0.3377
vn 0.9314 0.0567 0.3595
vn 0.8894 -0.2814 0.3603
vn 0.8861 -0.3442 0.3104
vn 0.9490 -0.1448 0.2801
vn -0.1100 -0.9938 0.0186
vn -0.1306 -0.9887 0.0733
vn -0.1660 -0.9817 0.0933
vn -0.2055 -0.9693 0.1349
vn 0.3530 -0.7530 0.5553
vn 0.3712 -0.7400 0.5608
vn -0.2977 -0.8044 -0.5141
vn 0.3030 -0.4554 -0.8371
vn 0.7459 -0.5702 -0.3441
vn 0.1626 -0.9776 0.1333
vn -0.3548 0.8153 -0.4576
vn -0.3158 0.8238 -0.4708
vn 0.3990 0.6628 0.6336
vn 0.6106 0.6343 0.4742
vn 0.1771 -0.4691 0.8652
vn 0.2787 -0.3182 0.9061
vn 0.2738 -0.0733 0.9590
vn 0.1443 -0.2367 0.9608
vn -0.5357 -0.0907 -0.8395
vn -0.5624 -0.1574 -0.8118
vn -0.7087 -0.3688 -0.6015
vn -0.6735 -0.1802 -0.7169
vn -0.5018 0.3870 -0.7736
vn -0.6248 0.5431 -0.5609
vn -0.6574 0.2603 -0.7071
vn -0.5467 0.0773 -0.8338
vn -0.6969 0.2053 -0.6871
vn -0.5766 0.0889 -0.8121
vn -0.5285 0.3220 -0.7855
vn -0.6336 0.3694 -0.6798
vn -0.7852 0.0615 -0.6161
vn -0.6111 0.1765 -0.7716
vn -0.6985 0.2317 -0.6771
vn -0.8523 0.1443 -0.5028
vn 0.9739 -0.1159 0.1953
vn 0.8078 -0.2490 0.5343
vn 0.9696 -0.2066 -0.1307
vn 0.9911 -0.1330 -0.0101
vn 0.5182 0.0333 0.8546
vn 0.5435 0.2616 0.7976
vn 0.5153 0.0013 0.8570
vn 0.4632 -0.4306 0.7746
vn 0.5287 -0.1976 0.8255
vn 0.6727 -0.1992 0.7126
vn 0.7180 0.2215 0.6598
vn 0.5302 0.1322 0.8375
vn 0.1489 -0.9805 -0.1283
vn 0.1499 -0.9810 -0.1232
vn 0.0096 -0.3492 -0.9370
vn -0.2185 -0.4309 -0.8755
vn -0.0049 -0.9999 0.0123
vn 0.0266 -0.9983 -0.0517
vn 0.6046 0.1037 0.7897
vn 0.3775 0.1628 0.9116
vn 0.4413 0.1069 0.8910
vn -0.4161 0.1062 -0.9031
vn -0.4526 0.1008 -0.8860
vn 0.5104 0.0722 0.8569
vn 0.5036 0.0744 0.8607
vn 0.4896 -0.0430 0.8709
vn 0.4956 -0.0470 0.8673
vn 0.4791 -0.2102 0.8522
vn 0.5001 -0.2306 0.8347
vn 0.4861 -0.2099 0.8483
vn 0.7847 0.2102 -0.5831
vn 0.7476 0.2251 -0.6248
vn 0.0072 0.1378 -0.9904
vn 0.1422 0.0236 -0.9896
vn 0.6673 -0.6768 -0.3108
vn 0.6739 -0.6799 -0.2890
vn -0.2707 0.3656 -0.8905
vn -0.1712 0.6551 -0.7359
vn -0.2174 0.6887 -0.6916
vn -0.2749 0.5554 -0.7848
vn 0.3314 -0.1143 0.9365
vn 0.2631 -0.3844 0.8849
vn 0.1575 -0.2708 0.9497
vn 0.1928 -0.1217 0.9737
vn -0.2511 -0.5215 0.8155
vn -0.7250 -0.3965 0.5632
vn -0.8802 -0.4161 0.2283
vn -0.7617 -0.5796 -0.2895
vn 0.5282 0.0860 0.8447
vn 0.3711 -0.0199 0.9284
vn 0.0814 -0.0852 0.9930
vn 0.3469 -0.0722 0.9351
vn 0.6140 0.3360 0.7142
vn 0.6420 0.2634 0.7200
vn -0.3176 0.0965 -0.9433
vn -0.1615 0.0459 -0.9858
vn 0.7035 0.3320 -0.6284
vn 0.7060 0.3316 -0.6257
vn -0.3427 0.4889 -0.8022
vn -0.4439 0.0617 -0.8939
vn -0.4219 0.0564 -0.9049
vn -0.4101 0.4991 -0.7633
vn -0.5692 0.4994 -0.6532
vn -0.9666 0.2405 -0.0883
vn -0.9992 0.0200 -0.0358
vn -0.9874 0.0912 -0.1292
vn -0.0198 0.3953 0.9183
vn -0.3097 0.7410 -0.5958
vn -0.6887 0.4369 -0.5786
vn -0.2076 0.9782 0.0109
vn 0.7626 -0.0642 0.6437
vn 0.9121 -0.0564 0.4061
vn 0.9551 -0.1156 0.2728
vn 0.8636 0.0244 0.5036
vn -0.9340 0.3526 -0.0572
vn -0.9585 0.1602 -0.2357
vn -0.9161 0.1675 -0.3642
vn -0.9055 0.2192 -0.3633
vn 0.0916 -0.0779 -0.9927
vn -0.5850 0.0440 -0.8098
vn 0.9673 -0.2491 -0.0487
vn 0.9255 -0.2332 -0.2983
vn 0.1620 0.0490 0.9856
vn 0.5144 -0.1205 0.8490
vn 0.4920 -0.1444 0.8586
vn 0.5471 -0.1567 0.8222
vn 0.6658 -0.1481 0.7313
vn -0.7508 0.0338 0.6596
vn -0.6137 -0.0154 0.7894
vn 0.9738 -0.0990 0.2046
vn 0.9429 -0.2750 0.1880
vn 0.9509 -0.2790 0.1344
vn 0.9847 -0.0806 0.1547
vn 0.8062 -0.5523 0.2119
vn -0.8579 -0.1507 -0.4913
vn -0.9265 -0.2970 -0.2310
vn 0.6599 -0.6928 0.2909
vn -0.8937 0.2123 -0.3952
vn -0.8641 0.1923 -0.4651
vn -0.9127 0.3064 -0.2705
vn -0.9454 0.1786 -0.2725
vn -0.5720 0.6932 -0.4385
vn 0.7993 0.5393 0.2651
vn 0.9039 0.3831 0.1903
vn -0.6718 0.6956 -0.2546
vn 0.8583 -0.3888 0.3349
vn -0.9583 -0.1756 0.2255
vn -0.9379 -0.1620 0.3068
vn 0.9086 -0.3235 0.2641
vn -0.7385 0.6617 -0.1296
vn 0.8918 0.4044 0.2030
vn 0.8586 0.4815 0.1759
vn -0.7271 0.6835 -0.0639
vn 0.7514 -0.6502 0.1121
vn -0.8801 -0.4180 -0.2252
vn -0.8507 -0.4920 -0.1851
vn 0.7337 -0.6766 0.0626
vn -0.9747 0.0986 -0.2007
vn -0.9443 0.2730 -0.1838
vn -0.9517 0.2777 -0.1312
vn -0.9848 0.0801 -0.1544
vn -0.9904 -0.1158 0.0749
vn -0.9613 0.0009 -0.2754
vn 0.9253 -0.0687 -0.3731
vn 0.9736 -0.2139 -0.0798
vn -0.9985 0.0462 0.0305
vn -0.9898 0.1368 -0.0405
vn -0.9954 0.0949 -0.0108
vn -0.9960 0.0225 0.0864
vn 0.9981 -0.0496 -0.0369
vn 0.9899 -0.1275 0.0616
vn 0.9941 -0.1077 -0.0130
vn 0.9904 -0.0516 -0.1281
vn -0.8650 0.3974 -0.3064
vn 0.9557 0.1536 -0.2510
vn 0.9201 0.0833 -0.3826
vn -0.8720 0.2667 -0.4104
vn -0.7330 0.6784 -0.0502
vn 0.8791 0.4704 0.0773
vn 0.9493 0.3026 -0.0858
vn -0.8144 0.5594 -0.1543
vn 0.9923 -0.0815 0.0935
vn 0.9558 -0.2709 0.1143
vn 0.9767 -0.1898 0.0998
vn 0.9975 -0.0621 0.0338
vn -0.9923 0.0812 -0.0938
vn -0.9571 0.2778 -0.0820
vn -0.9773 0.2022 -0.0638
vn -0.9975 0.0616 -0.0349
vn 0.7202 -0.6799 0.1376
vn -0.8885 -0.4562 -0.0491
vn -0.9510 -0.2925 0.0998
vn 0.7970 -0.5452 0.2599
vn -0.7345 0.3965 -0.5507
vn -0.7868 0.6135 0.0677
vn -0.7508 0.0390 0.6593
vn -0.7607 0.0427 0.6476
vn -0.7687 0.1059 0.6308
vn -0.9857 0.1266 0.1109
vn 0.6093 0.2019 0.7668
vn -0.4299 -0.0594 -0.9009
vn -0.4378 -0.0196 -0.8989
vn 0.9431 0.3141 0.1086
vn 0.8947 0.4069 0.1845
vn 0.9558 0.2739 0.1066
vn 0.7079 0.1325 0.6937
vn 0.7541 -0.0039 0.6568
vn 0.9807 0.1781 0.0804
vn 0.9718 0.2185 0.0888
vn 0.9913 0.0991 0.0865
vn 0.6763 -0.7261 -0.1246
vn 0.6740 -0.7282 -0.1242
vn 0.5615 -0.6810 0.4700
vn -0.5354 0.2822 -0.7961
vn -0.4349 0.4941 -0.7528
vn -0.4166 0.2876 -0.8624
vn -0.0993 0.9161 -0.3884
vn -0.1738 0.8979 -0.4045
vn -0.1765 0.9807 0.0845
vn 0.1788 -0.9160 0.3592
vn 0.1549 -0.9874 -0.0324
vn 0.1163 -0.9928 -0.0275
vn 0.0255 -0.9933 -0.1124
vn 0.0630 -0.9929 -0.1008
vn 0.1904 -0.7984 0.5712
vn -0.5714 -0.2274 -0.7885
vn -0.7469 -0.0345 -0.6640
vn -0.3961 -0.9163 -0.0595
vn -0.3234 -0.9456 0.0343
vn -0.0810 -0.9960 -0.0365
vn 0.0316 -0.9976 -0.0622
vn -0.9907 -0.0498 -0.1265
vn -0.8649 -0.1089 0.4900
vn -0.8260 -0.1400 0.5460
vn -0.8254 -0.0743 0.5596
vn -0.8057 -0.5721 0.1536
vn -0.8002 -0.5829 0.1410
vn -0.8125 -0.1481 -0.5638
vn 0.1408 -0.0115 0.9900
vn 0.2148 -0.0476 0.9755
vn 0.2008 -0.0375 0.9789
vn 0.0773 -0.1743 0.9817
vn 0.0675 -0.1824 0.9809
vn 0.0805 -0.1814 0.9801
vn 0.0949 -0.2537 0.9626
vn 0.1010 -0.2428 0.9648
vn 0.0958 -0.2523 0.9629
vn 0.7907 0.0591 0.6094
vn 0.8004 0.0595 0.5965
vn 0.7867 0.0994 0.6093
vn 0.6697 -0.1994 0.7153
vn 0.6660 -0.1148 0.7370
vn 0.6390 -0.1449 0.7554
vn 0.7433 0.0690 0.6654
vn 0.7687 0.0282 0.6390
vn 0.7918 0.0045 0.6107
vn 0.5354 -0.2079 0.8186
vn 0.4654 -0.1686 0.8689
vn 0.4603 -0.1696 0.8714
vn 0.4743 -0.1588 0.8659
vn 0.4798 -0.1631 0.8621
vn 0.4808 -0.1606 0.8620
vn 0.4847 -0.2240 0.8455
vn 0.5304 -0.1859 0.8271
vn 0.5329 -0.1816 0.8265
vn 0.0573 -0.1145 0.9918
vn 0.0524 -0.1172 0.9917
vn 0.0534 -0.1225 0.9910
vn 0.2087 -0.1799 0.9613
vn 0.2785 -0.1744 0.9445
vn 0.2640 -0.1167 0.9574
vn 0.0869 -0.0118 0.9961
vn 0.0367 -0.0945 0.9949
vn 0.0382 -0.0945 0.9948
vn 0.3702 -0.3110 0.8753
vn 0.4829 -0.2539 0.8381
vn 0.4317 -0.2823 0.8567
vn 0.5766 -0.3412 0.7424
vn 0.4962 -0.3528 0.7933
vn 0.4965 -0.3535 0.7928
vn 0.5041 -0.3210 0.8018
vn 0.5578 -0.3390 0.7576
vn 0.5550 -0.3247 0.7659
vn 0.5692 -0.3172 0.7586
vn 0.4863 -0.4232 0.7644
vn 0.3836 -0.7595 0.5254
vn 0.8230 -0.5374 0.1841
vn -0.5164 -0.0503 -0.8549
vn -0.5138 0.2172 -0.8299
vn -0.5556 -0.1331 -0.8207
vn -0.5702 -0.4296 -0.7002
vn -0.4536 -0.8535 -0.2565
vn -0.3628 -0.8344 -0.4149
vn 0.0687 -0.9731 0.2200
vn -0.0672 -0.9203 0.3854
vn -0.0092 0.3486 0.9372
vn 0.2482 0.7457 -0.6183
vn 0.2412 0.8704 -0.4293
vn -0.1461 0.5450 0.8256
vn 0.8984 -0.1479 0.4134
vn 0.9297 -0.1046 0.3533
vn 0.7753 -0.5919 0.2205
vn 0.7568 -0.6020 0.2545
vn 0.0786 -0.5975 0.7980
vn 0.0910 -0.1638 0.9823
vn -0.8766 -0.1817 0.4456
vn -0.9604 -0.0922 0.2630
vn -0.9181 -0.2720 0.2883
vn -0.8468 -0.3600 0.3917
vn 0.5643 0.2314 -0.7925
vn 0.5632 0.2304 -0.7936
vn -0.4580 -0.5084 0.7292
vn -0.3624 -0.7413 0.5649
vn 0.2349 -0.9702 0.0592
vn 0.2872 -0.9572 0.0363
vn 0.2725 -0.8396 -0.4699
vn -0.1686 -0.9749 0.1456
vn -0.7560 -0.5742 -0.3142
vn -0.3366 -0.4752 -0.8129
vn 0.4457 0.7351 -0.5109
vn -0.6538 0.5561 0.5131
vn -0.3960 0.6679 0.6302
vn 0.3213 0.8177 -0.4777
vn -0.2036 -0.5359 0.8194
vn -0.1577 -0.2655 0.9511
vn -0.2659 -0.0422 0.9631
vn -0.2833 -0.3493 0.8931
vn 0.4394 -0.0829 -0.8945
vn 0.4984 -0.1636 -0.8514
vn 0.6431 -0.3083 -0.7010
vn 0.5246 -0.1307 -0.8413
vn 0.5463 0.1649 -0.8212
vn 0.5575 -0.1338 -0.8193
vn 0.5488 0.0753 -0.8325
vn 0.5915 0.1875 -0.7842
vn 0.6805 0.2378 -0.6931
vn 0.7008 0.2422 -0.6710
vn 0.5133 0.3664 -0.7761
vn 0.5464 0.2138 -0.8098
vn 0.9496 0.1102 -0.2933
vn 0.9202 0.2026 -0.3350
vn 0.8577 0.2030 -0.4723
vn 0.7988 0.0810 -0.5961
vn -0.9415 -0.1485 0.3025
vn -0.9571 -0.1941 0.2152
vn -0.9741 -0.2173 -0.0627
vn -0.9707 -0.2058 0.1242
vn -0.4522 -0.4634 0.7621
vn -0.3248 -0.7612 0.5613
vn -0.4177 -0.3368 0.8438
vn -0.5212 0.0254 0.8530
vn -0.5269 -0.1624 0.8342
vn -0.5353 0.1080 0.8377
vn -0.7377 0.0744 0.6710
vn -0.6720 -0.2062 0.7113
vn -0.1530 -0.9790 -0.1344
vn -0.2050 -0.9745 -0.0912
vn -0.1479 -0.9799 -0.1337
vn -0.0324 -0.9861 0.1629
vn -0.0957 -0.9837 0.1523
vn -0.1033 -0.9825 0.1551
vn 0.2244 -0.4067 -0.8855
vn 0.0426 -0.1557 -0.9869
vn -0.3945 0.3295 0.8578
vn -0.2883 0.5285 0.7985
vn -0.4757 -0.1255 0.8706
vn -0.5182 0.0329 0.8546
vn -0.5210 0.3273 0.7883
vn -0.4860 0.4048 0.7746
vn -0.4537 0.3456 0.8214
vn -0.8956 0.2015 -0.3965
vn -0.8761 0.2543 -0.4097
vn -0.6729 -0.6537 -0.3463
vn -0.6571 -0.6702 -0.3450
vn -0.1240 0.0364 -0.9916
vn -0.1438 0.1839 -0.9724
vn 0.2824 0.2895 -0.9146
vn 0.2950 0.4563 -0.8395
vn 0.2198 0.6009 -0.7685
vn 0.1712 0.4694 -0.8662
vn -0.3687 -0.0905 0.9251
vn 0.0985 -0.3274 0.9397
vn -0.1717 -0.2557 0.9514
vn -0.2896 -0.3877 0.8751
vn 0.2393 -0.5127 0.8246
vn 0.7705 -0.6160 -0.1639
vn 0.8616 -0.4044 -0.3067
vn 0.3445 -0.1928 0.9188
vn -0.5822 0.1823 0.7924
vn -0.4798 0.1055 0.8710
vn -0.3385 0.0892 0.9367
vn -0.5253 0.0968 0.8454
vn -0.7124 0.3247 -0.6221
vn -0.7127 0.3213 -0.6236
vn -0.6962 0.3318 -0.6366
vn -0.6920 0.3808 -0.6133
vn -0.6975 0.3284 -0.6369
vn -0.0083 0.1338 -0.9910
vn 0.2472 0.1823 -0.9516
vn 0.3071 0.4184 -0.8547
vn 0.3680 0.4102 -0.8344
vn 0.5080 0.1468 -0.8488
vn 0.4235 0.0561 -0.9042
vn 0.2419 0.2103 -0.9472
vn 0.6791 0.0779 -0.7299
vn 0.9936 0.0140 -0.1124
vn 0.6604 0.1012 -0.7441
vn -0.9212 -0.0855 0.3797
vn 0.1583 0.4286 -0.8895
vn 0.1745 0.5543 -0.8138
vn -0.7135 -0.2486 0.6551
vn -0.8309 -0.1714 0.5293
vn -0.8831 -0.2843 0.3733
vn -0.8287 -0.1801 0.5300
vn 0.7885 0.1901 -0.5849
vn 0.7275 0.1240 -0.6748
vn 0.9002 0.1547 -0.4071
vn 0.9681 0.1671 -0.1869
vn -0.4441 -0.1709 -0.8795
vn -0.8841 -0.2175 -0.4137
vn -0.9256 -0.2332 -0.2982
vn -0.1108 -0.1973 -0.9741
vn 0.5380 0.5580 0.6318
vn 0.9414 0.0183 0.3367
vn 0.8973 0.0538 0.4382
vn 0.8589 0.0598 0.5086
vn -0.5441 -0.1357 0.8280
vn -0.7253 -0.3443 0.5962
vn -0.9771 -0.0686 0.2014
vn -0.9863 -0.0594 0.1536
vn -0.9546 -0.2662 0.1341
vn -0.9440 -0.2713 0.1878
vn -0.7329 -0.6556 0.1817
vn -0.6798 -0.6734 0.2906
vn 0.8825 -0.4161 -0.2192
vn 0.7612 -0.3262 -0.5605
vn 0.8913 0.1956 -0.4091
vn 0.9530 0.0881 -0.2899
vn 0.9215 0.2704 -0.2787
vn 0.8496 0.3447 -0.3993
vn 0.5256 0.7425 -0.4153
vn 0.6869 0.6790 -0.2590
vn -0.8983 0.3984 0.1852
vn -0.8505 0.4005 0.3409
vn -0.9102 -0.3262 0.2551
vn -0.8907 -0.3434 0.2978
vn 0.9097 -0.2199 0.3522
vn 0.9442 -0.2124 0.2517
vn 0.7141 0.6896 -0.1204
vn 0.7309 0.6794 -0.0652
vn -0.8352 0.5223 0.1724
vn -0.8518 0.4879 0.1908
vn -0.7238 -0.6817 0.1070
vn -0.7335 -0.6769 0.0626
vn 0.8255 -0.5324 -0.1872
vn 0.8290 -0.5103 -0.2290
vn 0.9757 0.0663 -0.2087
vn 0.9855 0.0571 -0.1596
vn 0.9547 0.2655 -0.1344
vn 0.9450 0.2701 -0.1846
vn 0.9695 -0.2101 0.1259
vn -0.9650 -0.2346 -0.1172
vn -0.9513 -0.0831 -0.2968
vn 0.9730 0.0306 -0.2288
vn 0.9985 -0.0005 0.0547
vn 0.9941 -0.0074 0.1086
vn 0.9978 0.0653 0.0130
vn 0.9956 0.0920 -0.0164
vn -0.9964 -0.0230 -0.0819
vn -0.9882 -0.0464 -0.1461
vn -0.9937 -0.0915 -0.0652
vn -0.9954 -0.0953 0.0075
vn 0.9029 0.3429 -0.2592
vn 0.7721 0.3324 -0.5416
vn -0.8462 0.1309 -0.5165
vn -0.9326 0.1959 -0.3031
vn 0.8216 0.5658 -0.0699
vn 0.8877 0.4401 -0.1352
vn -0.9529 0.2923 -0.0815
vn -0.9051 0.4169 0.0831
vn -0.9956 -0.0388 0.0854
vn -0.9996 -0.0247 0.0099
vn -0.9899 -0.1296 0.0570
vn -0.9769 -0.1911 0.0961
vn 0.9945 0.0325 -0.0992
vn 0.9995 0.0143 -0.0294
vn 0.9899 0.1287 -0.0589
vn 0.9769 0.1908 -0.0967
vn -0.8178 -0.5619 0.1240
vn -0.8831 -0.4270 0.1943
vn 0.9549 -0.2809 0.0963
vn 0.9161 -0.3974 -0.0523
vn 0.9104 0.3463 0.2261
vn 0.9884 0.1388 0.0610
vn 0.8375 0.0730 0.5415
vn 0.8092 0.1354 0.5718
vn 0.5539 0.4602 0.6938
vn 0.5625 0.4471 0.6955
vn -0.6471 0.2384 0.7242
vn -0.7238 0.1367 0.6764
vn -0.9414 0.3127 0.1267
vn -0.9399 0.2981 0.1664
vn -0.7667 0.5123 0.3870
vn -0.8006 0.4017 0.4447
vn -0.7735 -0.0038 0.6337
vn -0.5424 -0.6411 0.5429
vn -0.6748 -0.7260 -0.1323
vn -0.6754 -0.7260 -0.1293
vn -0.9762 0.1782 -0.1233
vn -0.9828 0.1792 -0.0437
vn 0.3309 0.9059 -0.2642
vn 0.3464 0.8011 -0.4881
vn 0.2955 0.7845 -0.5453
vn -0.5785 0.5329 0.6175
vn -0.5249 0.5210 0.6730
vn 0.4312 0.2336 -0.8715
vn 0.5010 0.3961 -0.7694
vn -0.2047 -0.7913 0.5762
vn -0.2473 -0.6306 0.7356
vn 0.0766 -0.9125 -0.4019
vn 0.0777 -0.9118 -0.4033
vn -0.1431 -0.9843 -0.1036
vn -0.1253 -0.9897 -0.0690
vn 0.4975 -0.6255 -0.6010
vn -0.0981 -0.9663 0.2381
vn -0.1050 -0.9666 0.2338
vn -0.1408 -0.9812 0.1318
vn 0.2560 -0.9622 0.0935
vn 0.2088 -0.9575 0.1989
vn 0.1370 -0.9843 0.1112
vn 0.7713 -0.2278 -0.5943
vn 0.9267 0.0300 -0.3745
vn 0.7676 -0.0175 -0.6407
vn 0.7886 -0.5863 0.1854
vn 0.7965 -0.5799 0.1711
vn 0.9406 -0.0838 0.3291
vn 0.9074 -0.1027 0.4074
vn -0.2681 -0.5190 0.8116
vn -0.2804 -0.5202 0.8067
vn -0.2668 -0.5228 0.8097
vn -0.0949 -0.2551 0.9622
vn -0.0819 -0.2535 0.9639
vn -0.0979 -0.2549 0.9620
vn -0.0783 -0.1706 0.9822
vn -0.0713 -0.1866 0.9798
vn -0.0721 -0.1763 0.9817
vn -0.7858 0.0975 0.6108
vn -0.7847 0.1132 0.6095
vn -0.8050 0.1057 0.5838
vn -0.6212 -0.0878 0.7787
vn -0.6732 -0.1197 0.7297
vn -0.6466 -0.1516 0.7476
vn -0.6735 -0.1449 0.7249
vn -0.6622 -0.1379 0.7365
vn -0.6447 -0.1115 0.7562
vn -0.4684 -0.2382 0.8508
vn -0.4683 -0.2456 0.8488
vn -0.4641 -0.2454 0.8511
vn -0.4587 -0.1650 0.8731
vn -0.4693 -0.1105 0.8761
vn -0.4756 -0.1014 0.8738
vn -0.4658 -0.1741 0.8676
vn -0.4670 -0.1715 0.8675
vn -0.4696 -0.1752 0.8653
vn -0.0594 -0.1129 0.9918
vn -0.0534 -0.1146 0.9920
vn -0.0560 -0.1124 0.9921
vn -0.2843 -0.1494 0.9470
vn -0.2856 -0.1500 0.9465
vn -0.2333 -0.1164 0.9654
vn -0.2362 -0.1198 0.9643
vn -0.2404 -0.1200 0.9632
vn -0.5224 -0.2936 0.8006
vn -0.5177 -0.2722 0.8111
vn -0.5298 -0.2791 0.8009
vn -0.5016 -0.3456 0.7931
vn -0.5544 -0.3277 0.7650
vn -0.5540 -0.3288 0.7649
vn -0.4293 -0.2504 0.8677
vn -0.4334 -0.2554 0.8643
vn -0.4326 -0.2555 0.8646
vn -0.7600 -0.3850 0.5236
vn -0.8331 -0.5475 -0.0791
vn -0.3505 -0.8336 0.4270
vn -0.4919 -0.4694 0.7333
vn 0.5542 -0.1758 -0.8136
vn 0.5703 -0.5673 -0.5941
vn 0.5375 -0.4549 -0.7100
vn 0.5525 0.0268 -0.8331
vn 0.4411 -0.8692 -0.2235
vn 0.0320 -0.8996 0.4356
vn -0.0706 -0.9723 0.2229
vn 0.3063 -0.8992 -0.3124
usemtl Material.006
s off
f 69/1/1 345/2/1 151/3/1
f 113/4/2 114/5/2 345/2/2
f 345/2/3 11/6/3 145/7/3
f 151/3/4 145/7/4 17/8/4
f 48/9/5 346/10/6 221/11/6
f 214/12/7 171/13/7 346/10/7
f 346/10/8 6/14/8 141/15/8
f 221/11/9 141/15/10 43/16/10
f 15/17/11 347/18/11 181/19/11
f 169/20/12 180/21/12 347/18/12
f 347/18/13 29/22/13 178/23/13
f 181/19/14 178/23/14 27/24/14
f 42/25/15 348/26/16 140/27/16
f 220/28/17 141/15/18 348/26/18
f 348/26/19 6/14/19 131/29/19
f 140/27/20 131/29/20 2/30/20
f 49/31/21 349/32/21 232/33/21
f 226/34/22 119/35/22 349/32/22
f 349/32/23 16/36/23 122/37/23
f 232/33/24 122/37/24 50/38/24
f 14/39/25 350/40/25 120/41/25
f 117/42/26 114/5/26 350/40/26
f 350/40/27 10/43/27 123/44/27
f 120/41/28 123/44/28 15/17/28
f 18/45/29 351/46/29 150/47/29
f 124/48/30 133/49/30 351/46/30
f 351/46/31 10/43/31 113/4/31
f 150/47/32 113/4/32 69/1/32
f 20/50/33 352/51/33 159/52/33
f 125/53/34 135/54/34 352/51/34
f 352/51/35 12/55/35 115/56/35
f 159/52/36 115/56/36 73/57/36
f 51/58/37 353/59/37 231/60/37
f 228/61/38 136/62/38 353/59/38
f 353/59/39 13/63/39 226/34/39
f 231/60/40 226/34/40 49/31/40
f 8/64/41 354/65/41 137/66/41
f 127/67/42 134/68/42 354/65/42
f 354/65/43 11/6/43 117/42/43
f 137/66/44 117/42/44 14/39/44
f 24/69/45 355/70/45 173/71/45
f 170/72/46 137/66/46 355/70/46
f 355/70/47 14/39/47 168/73/47
f 173/71/48 168/73/48 22/74/48
f 25/75/49 356/76/49 172/77/49
f 129/78/50 139/79/50 356/76/50
f 356/76/51 16/36/51 121/80/51
f 172/77/52 121/80/52 23/81/52
f 52/82/53 357/83/53 230/84/53
f 229/85/54 132/86/54 357/83/54
f 357/83/55 9/87/55 227/88/55
f 230/84/56 227/88/56 50/38/56
f 2/30/57 358/89/57 133/49/57
f 131/29/58 138/90/58 358/89/58
f 358/89/59 15/17/59 123/44/59
f 133/49/60 123/44/60 10/43/60
f 46/91/61 359/92/62 219/93/63
f 212/94/64 147/95/64 359/92/64
f 359/92/65 4/96/65 208/97/65
f 219/93/66 208/97/67 42/25/68
f 44/98/69 360/99/70 142/100/71
f 45/101/72 360/99/73 218/102/74
f 1/103/75 360/99/76 211/104/75
f 52/105/77 360/99/78 229/106/77
f 5/107/79 360/99/80 130/108/79
f 47/109/81 361/110/82 217/111/82
f 213/112/83 153/113/83 361/110/83
f 361/110/84 19/114/84 212/115/84
f 217/111/85 212/115/86 46/91/86
f 4/96/87 362/116/87 134/68/87
f 147/117/88 149/118/88 362/116/88
f 362/116/89 17/119/89 145/120/89
f 134/68/90 145/120/90 11/6/90
f 21/121/91 363/122/91 157/123/91
f 146/124/92 150/47/92 363/122/92
f 363/122/93 69/1/93 144/125/93
f 157/123/94 144/125/94 75/126/94
f 9/87/95 364/127/95 112/128/95
f 154/129/96 156/130/96 364/127/96
f 364/127/97 73/57/97 115/56/97
f 112/128/98 115/56/98 12/55/98
f 1/103/99 365/131/99 132/86/99
f 155/132/100 157/123/100 365/131/100
f 365/131/101 75/126/101 154/129/101
f 132/86/102 154/129/102 9/87/102
f 45/101/103 366/133/103 216/134/104
f 143/135/105 125/136/105 366/133/105
f 366/133/106 20/137/106 213/138/106
f 216/134/107 213/138/108 47/109/109
f 19/114/110 367/139/110 149/118/110
f 153/113/111 159/52/111 367/139/111
f 367/139/112 73/57/112 152/140/112
f 149/118/113 152/140/113 17/119/113
f 17/119/114 368/141/114 166/142/114
f 152/140/115 165/143/115 368/141/115
f 368/141/116 80/144/116 162/145/116
f 166/142/117 162/145/117 79/146/117
f 69/1/118 369/147/118 167/148/118
f 151/149/119 166/142/119 369/147/119
f 369/147/120 79/146/120 161/150/120
f 167/148/121 161/150/121 78/151/121
f 6/14/122 370/152/122 138/90/122
f 171/13/123 172/77/123 370/152/123
f 370/152/124 23/81/124 169/20/124
f 138/90/125 169/20/125 15/17/125
f 7/153/126 371/154/126 136/62/126
f 128/155/127 173/71/127 371/154/127
f 371/154/128 22/74/128 118/156/128
f 136/62/129 118/156/129 13/63/129
f 13/63/130 372/157/130 119/35/130
f 118/156/131 174/158/131 372/157/131
f 372/157/132 23/81/132 121/80/132
f 119/35/133 121/80/133 16/36/133
f 44/98/134 373/159/134 215/160/134
f 142/100/135 129/78/136 373/159/137
f 373/159/138 25/75/139 214/12/139
f 215/160/140 214/12/141 48/9/142
f 27/24/143 374/161/143 189/162/143
f 178/23/144 188/163/144 374/161/144
f 374/161/145 33/164/145 186/165/145
f 189/162/146 186/165/146 31/166/146
f 23/81/147 375/167/147 180/21/147
f 174/158/148 182/168/148 375/167/148
f 375/167/149 28/169/149 179/170/149
f 180/21/150 179/170/150 29/22/150
f 22/74/151 376/171/151 182/168/151
f 168/73/152 183/172/152 376/171/152
f 376/171/153 26/173/153 177/174/153
f 182/168/154 177/174/154 28/169/154
f 14/39/155 377/175/155 183/172/155
f 120/41/156 181/19/156 377/175/156
f 377/175/157 27/24/157 176/176/157
f 183/172/158 176/176/158 26/173/158
f 39/177/159 378/178/159 201/179/159
f 207/180/160 196/181/160 378/178/160
f 378/178/161 36/182/161 195/183/161
f 201/179/162 195/183/162 37/184/162
f 26/173/163 379/185/163 190/186/163
f 176/176/164 189/162/164 379/185/164
f 379/185/165 31/166/165 184/187/165
f 190/186/166 184/187/166 30/188/166
f 29/22/167 380/189/167 188/163/167
f 179/170/168 191/190/168 380/189/168
f 380/189/169 32/191/169 187/192/169
f 188/163/170 187/192/170 33/164/170
f 28/169/171 381/193/171 191/190/171
f 177/174/172 190/186/172 381/193/172
f 381/193/173 30/188/173 185/194/173
f 191/190/174 185/194/174 32/191/174
f 36/195/175 382/196/175 195/197/175
f 193/198/176 192/199/176 382/196/176
f 382/196/177 35/200/177 194/201/177
f 195/197/178 194/201/178 37/202/178
f 38/203/179 383/204/179 196/205/179
f 206/206/180 198/207/180 383/204/180
f 383/204/181 34/208/181 193/198/181
f 196/205/182 193/198/182 36/195/182
f 41/209/183 384/210/183 203/211/183
f 205/212/184 201/213/184 384/210/184
f 384/210/185 37/202/185 194/201/185
f 203/211/186 194/201/186 35/200/186
f 40/214/187 385/215/187 198/216/187
f 204/217/188 203/218/188 385/215/188
f 385/215/189 35/219/189 192/220/189
f 198/216/190 192/220/190 34/221/190
f 30/188/191 386/222/191 202/223/191
f 184/187/192 199/224/192 386/222/192
f 386/222/193 41/209/193 204/217/193
f 202/223/194 204/217/194 40/214/194
f 31/166/195 387/225/195 199/224/195
f 186/165/196 197/226/196 387/225/196
f 387/225/197 39/177/197 205/212/197
f 199/224/198 205/212/198 41/209/198
f 32/191/199 388/227/199 200/228/199
f 185/194/200 202/223/200 388/227/200
f 388/227/201 40/214/201 206/206/201
f 200/228/202 206/206/202 38/203/202
f 33/164/203 389/229/203 197/226/203
f 187/192/204 200/228/204 389/229/204
f 389/229/205 38/203/205 207/180/205
f 197/226/206 207/180/206 39/177/206
f 7/153/207 390/230/207 128/231/207
f 210/232/208 215/160/209 390/230/208
f 390/230/210 48/9/211 175/233/210
f 128/231/212 175/233/212 24/234/212
f 1/103/213 391/235/213 155/236/213
f 211/104/214 216/134/215 391/235/214
f 391/235/216 47/109/217 158/237/216
f 155/236/218 158/237/218 21/238/218
f 21/121/219 392/239/219 146/124/219
f 158/240/220 217/241/221 392/239/220
f 392/239/222 46/242/223 148/243/222
f 146/124/224 148/243/224 18/45/224
f 7/153/225 393/244/225 210/232/225
f 51/245/226 393/244/226 228/246/226
f 3/247/227 393/244/227 126/248/227
f 45/101/228 393/244/229 143/135/229
f 44/98/230 393/244/230 218/102/231
f 18/249/232 394/250/232 124/251/232
f 148/252/233 219/253/234 394/250/233
f 394/250/235 42/25/236 140/27/235
f 124/251/237 140/27/237 2/30/237
f 4/96/238 395/254/238 208/97/238
f 127/255/239 209/256/239 395/254/239
f 395/254/240 43/16/241 220/28/242
f 208/97/243 220/28/244 42/25/245
f 24/69/246 396/257/246 170/72/246
f 175/258/247 221/11/248 396/257/247
f 396/257/249 43/16/250 209/259/249
f 170/72/251 209/259/251 8/64/251
f 42/260/252 219/261/253 397/262/254
f 47/263/255 222/264/256 397/262/257
f 46/265/258 217/266/259 397/262/260
f 43/267/261 398/268/262 221/269/263
f 42/270/264 398/268/265 220/271/266
f 48/272/267 398/268/268 223/273/269
f 45/274/270 399/275/271 224/276/272
f 44/277/273 399/275/274 218/278/275
f 48/272/276 399/275/277 215/279/278
f 47/280/279 216/281/280 400/282/281
f 42/270/282 222/283/283 400/282/284
f 45/274/285 225/284/286 400/282/287
f 42/270/288 401/285/289 223/273/290
f 45/274/291 401/285/292 225/284/293
f 48/272/294 401/285/295 224/276/296
f 5/107/297 402/286/297 139/79/297
f 130/287/298 230/84/298 402/286/298
f 402/286/299 50/38/299 122/37/299
f 139/79/300 122/37/300 16/36/300
f 3/247/301 403/288/301 135/54/301
f 126/289/302 231/60/302 403/288/302
f 403/288/303 49/31/303 116/290/303
f 135/54/304 116/290/304 12/55/304
f 12/55/305 404/291/305 112/128/305
f 116/290/306 232/33/306 404/291/306
f 404/291/307 50/38/307 227/88/307
f 112/128/308 227/88/308 9/87/308
f 69/1/309 405/292/309 234/293/309
f 271/294/310 265/295/310 405/292/310
f 405/292/311 63/296/311 235/297/311
f 234/293/312 235/297/312 62/298/312
f 107/299/313 406/300/314 326/301/314
f 333/302/315 262/303/316 406/300/316
f 406/300/317 58/304/317 283/305/317
f 326/301/318 283/305/318 84/306/318
f 67/307/319 407/308/319 281/309/319
f 293/310/320 290/311/320 407/308/320
f 407/308/321 88/312/321 292/313/321
f 281/309/322 292/313/322 82/314/322
f 101/315/323 408/316/323 332/317/324
f 261/318/325 252/319/325 408/316/325
f 408/316/326 58/304/326 262/303/326
f 332/317/327 262/303/328 102/320/328
f 108/321/329 409/322/329 338/323/329
f 344/324/330 243/325/330 409/322/330
f 409/322/331 68/326/331 240/327/331
f 338/323/332 240/327/332 65/328/332
f 66/329/333 410/330/333 238/331/333
f 241/332/334 244/333/334 410/330/334
f 410/330/335 62/298/335 235/297/335
f 238/331/336 235/297/336 63/296/336
f 71/334/337 411/335/337 245/336/337
f 270/337/338 234/293/338 411/335/338
f 411/335/339 62/298/339 254/338/339
f 245/336/340 254/338/340 54/339/340
f 74/340/341 412/341/341 246/342/341
f 278/343/342 236/344/342 412/341/342
f 412/341/343 64/345/343 256/346/343
f 246/342/344 256/346/344 55/347/344
f 110/348/345 413/349/345 340/350/345
f 343/351/346 338/323/346 413/349/346
f 413/349/347 65/328/347 257/352/347
f 340/350/348 257/352/348 59/353/348
f 60/354/349 414/355/349 248/356/349
f 258/357/350 238/331/350 414/355/350
f 414/355/351 63/296/351 255/358/351
f 248/356/352 255/358/352 56/359/352
f 83/360/353 415/361/353 282/362/353
f 285/363/354 280/364/354 415/361/354
f 415/361/355 66/329/355 258/357/355
f 282/362/356 258/357/356 60/354/356
f 84/306/357 416/365/357 250/366/357
f 284/367/358 242/368/358 416/365/358
f 416/365/359 68/326/359 260/369/359
f 250/366/360 260/369/360 57/370/360
f 111/371/361 417/372/361 341/373/361
f 342/374/362 339/375/362 417/372/362
f 417/372/363 61/376/363 253/377/363
f 341/373/364 253/377/364 53/378/364
f 54/339/365 418/379/365 252/319/365
f 254/338/366 244/333/366 418/379/366
f 418/379/367 67/307/367 259/380/367
f 252/319/368 259/380/368 58/304/368
f 105/381/369 419/382/370 324/383/370
f 331/384/371 320/385/372 419/382/372
f 419/382/373 56/359/373 267/386/373
f 324/383/374 267/386/374 72/387/374
f 103/388/375 420/389/376 330/390/377
f 57/370/378 420/389/378 263/391/378
f 111/392/379 420/389/379 251/393/379
f 53/378/380 420/389/380 341/394/380
f 104/395/381 420/389/382 323/396/382
f 106/397/383 421/398/384 325/399/384
f 329/400/385 324/401/386 421/398/386
f 421/398/387 72/402/387 273/403/387
f 325/399/388 273/403/388 74/340/388
f 56/359/389 422/404/389 267/405/389
f 255/358/390 265/406/390 422/404/390
f 422/404/391 70/407/391 269/408/391
f 267/405/392 269/408/392 72/402/392
f 76/409/393 423/410/393 266/411/393
f 276/412/394 144/125/394 423/410/394
f 423/410/395 69/1/395 270/337/395
f 266/411/396 270/337/396 71/334/396
f 73/57/397 424/413/397 156/130/397
f 165/143/121 163/414/121 424/413/121
f 424/413/397 77/415/397 164/416/397
f 156/130/397 164/416/397 75/126/397
f 61/376/398 425/417/398 274/418/398
f 233/419/399 236/344/399 425/417/399
f 425/417/400 73/57/400 156/130/400
f 274/418/401 156/130/401 75/126/401
f 53/378/402 426/420/402 275/421/402
f 253/377/403 274/418/403 426/420/403
f 426/420/404 75/126/404 276/412/404
f 275/421/405 276/412/405 76/409/405
f 104/395/406 427/422/407 264/423/407
f 328/424/408 325/425/409 427/422/409
f 427/422/410 74/426/410 246/427/410
f 264/423/411 246/427/411 55/347/411
f 72/402/412 428/428/412 273/403/412
f 269/408/413 272/429/413 428/428/413
f 428/428/414 73/57/414 278/343/414
f 273/403/415 278/343/415 74/340/415
f 77/430/121 429/431/121 160/432/121
f 163/433/121 162/145/121 429/431/121
f 429/431/121 79/146/121 161/150/121
f 160/432/121 161/150/121 78/151/121
f 70/407/416 430/434/416 272/429/416
f 279/435/417 162/145/417 430/434/417
f 430/434/418 80/144/418 165/143/418
f 272/429/419 165/143/419 73/57/419
f 75/126/397 431/436/397 144/125/397
f 164/437/397 160/432/397 431/436/397
f 431/436/121 78/151/121 167/148/121
f 144/125/121 167/148/121 69/1/121
f 69/1/420 432/438/420 271/439/420
f 167/148/421 161/150/421 432/438/421
f 432/438/422 79/146/422 279/435/422
f 271/439/423 279/435/423 70/407/423
f 58/304/424 433/440/424 283/305/424
f 259/380/425 281/309/425 433/440/425
f 433/440/426 82/314/426 284/367/426
f 283/305/427 284/367/427 84/306/427
f 59/353/428 434/441/428 249/442/428
f 257/352/429 239/443/429 434/441/429
f 434/441/430 81/444/430 285/363/430
f 249/442/431 285/363/431 83/360/431
f 65/328/432 435/445/432 239/443/432
f 240/327/433 242/368/433 435/445/433
f 435/445/434 82/314/434 286/446/434
f 239/443/435 286/446/435 81/444/435
f 103/388/436 436/447/436 263/391/436
f 327/448/437 326/301/438 436/447/438
f 436/447/439 84/306/439 250/366/439
f 263/391/440 250/366/440 57/370/440
f 86/449/441 437/450/441 290/311/441
f 301/451/442 298/452/442 437/450/442
f 437/450/443 92/453/443 300/454/443
f 290/311/444 300/454/444 88/312/444
f 82/314/445 438/455/445 286/446/445
f 292/313/446 291/456/446 438/455/446
f 438/455/447 87/457/447 294/458/447
f 286/446/448 294/458/448 81/444/448
f 81/444/449 439/459/449 280/364/449
f 294/458/450 289/460/450 439/459/450
f 439/459/451 85/461/451 295/462/451
f 280/364/452 295/462/452 66/329/452
f 66/329/453 440/463/453 241/332/453
f 295/462/454 288/464/454 440/463/454
f 440/463/455 86/449/455 293/310/455
f 241/332/456 293/310/456 67/307/456
f 98/465/457 441/466/457 319/467/457
f 313/468/458 307/469/458 441/466/458
f 441/466/459 95/470/459 308/471/459
f 319/467/460 308/471/460 97/472/460
f 85/461/461 442/473/461 288/464/461
f 302/474/462 296/475/462 442/473/462
f 442/473/463 90/476/463 301/451/463
f 288/464/464 301/451/464 86/449/464
f 88/312/465 443/477/465 291/456/465
f 300/454/466 299/478/466 443/477/466
f 443/477/467 91/479/467 303/480/467
f 291/456/468 303/480/468 87/457/468
f 87/457/469 444/481/469 289/460/469
f 303/480/470 297/482/470 444/481/470
f 444/481/471 89/483/471 302/474/471
f 289/460/472 302/474/472 85/461/472
f 95/484/473 445/485/473 305/486/473
f 307/487/474 306/488/474 445/485/474
f 445/485/475 94/489/475 304/490/475
f 305/486/476 304/490/476 93/491/476
f 97/472/477 446/492/477 318/493/477
f 308/494/478 305/486/478 446/492/478
f 446/492/479 93/491/479 310/495/479
f 318/493/480 310/495/480 99/496/480
f 100/497/481 447/498/481 317/499/481
f 315/500/482 306/488/482 447/498/482
f 447/498/483 96/501/483 313/502/483
f 317/499/484 313/502/484 98/465/484
f 99/496/485 448/503/485 316/504/485
f 310/505/486 304/506/486 448/503/486
f 448/503/487 94/507/487 315/508/487
f 316/504/488 315/508/488 100/497/488
f 89/483/489 449/509/489 296/475/489
f 314/510/490 316/504/490 449/509/490
f 449/509/491 100/497/491 311/511/491
f 296/475/492 311/511/492 90/476/492
f 90/476/493 450/512/493 298/452/493
f 311/511/494 317/499/494 450/512/494
f 450/512/495 98/465/495 309/513/495
f 298/452/496 309/513/496 92/453/496
f 91/479/497 451/514/497 297/482/497
f 312/515/498 318/493/498 451/514/498
f 451/514/499 99/496/499 314/510/499
f 297/482/500 314/510/500 89/483/500
f 92/453/501 452/516/501 299/478/501
f 309/513/502 319/467/502 452/516/502
f 452/516/503 97/472/503 312/515/503
f 299/478/504 312/515/504 91/479/504
f 59/353/505 453/517/505 322/518/505
f 249/519/506 287/520/506 453/517/506
f 453/517/507 107/299/508 327/448/509
f 322/518/510 327/448/510 103/388/510
f 53/378/511 454/521/511 323/396/511
f 275/522/512 277/523/512 454/521/512
f 454/521/513 106/397/514 328/424/515
f 323/396/516 328/424/516 104/395/517
f 76/409/518 455/524/518 277/525/518
f 266/411/519 268/526/519 455/524/519
f 455/524/520 105/527/521 329/528/520
f 277/525/522 329/528/523 106/397/524
f 59/353/525 456/529/525 340/530/525
f 103/388/526 456/529/526 322/518/526
f 104/395/527 456/529/527 330/390/528
f 55/347/529 456/529/529 264/423/529
f 110/531/530 456/529/530 247/532/530
f 71/533/531 457/534/531 268/535/531
f 245/536/532 261/318/532 457/534/532
f 457/534/533 101/315/533 331/537/534
f 268/535/535 331/537/536 105/527/535
f 56/359/537 458/538/537 248/539/537
f 320/385/538 332/317/539 458/538/538
f 458/538/540 102/320/541 321/540/540
f 248/539/542 321/540/542 60/541/542
f 83/360/543 459/542/543 287/543/543
f 282/362/544 321/544/544 459/542/544
f 459/542/545 102/320/546 333/302/545
f 287/543/547 333/302/548 107/299/549
f 101/545/550 334/546/551 460/547/552
f 105/548/553 331/549/554 460/547/555
f 106/550/556 329/551/557 460/547/558
f 102/552/559 461/553/560 332/554/561
f 107/555/562 461/553/563 333/556/564
f 101/557/565 461/553/566 335/558/567
f 104/559/568 462/560/569 330/561/570
f 107/555/571 462/560/572 336/562/573
f 103/563/574 462/560/575 327/564/576
f 106/565/577 334/566/578 463/567/579
f 104/559/580 328/568/581 463/567/582
f 101/557/583 337/569/584 463/567/585
f 101/557/586 464/570/587 337/569/588
f 107/555/589 464/570/590 335/558/591
f 104/559/592 464/570/593 336/562/594
f 57/370/595 465/571/595 251/572/595
f 260/369/596 243/325/596 465/571/596
f 465/571/597 109/573/597 342/374/597
f 251/572/598 342/374/598 111/371/598
f 55/347/599 466/574/599 247/575/599
f 256/346/600 237/576/600 466/574/600
f 466/574/601 108/321/601 343/351/601
f 247/575/602 343/351/602 110/348/602
f 64/345/603 467/577/603 237/576/603
f 233/419/604 339/375/604 467/577/604
f 467/577/605 109/573/605 344/324/605
f 237/576/606 344/324/606 108/321/606
f 69/1/607 113/4/607 345/2/607
f 113/4/608 10/43/608 114/5/608
f 345/2/609 114/5/609 11/6/609
f 151/3/610 345/2/610 145/7/610
f 48/9/611 214/12/612 346/10/612
f 214/12/613 25/75/613 171/13/613
f 346/10/614 171/13/614 6/14/614
f 221/11/615 346/10/616 141/15/616
f 15/17/617 169/20/617 347/18/617
f 169/20/618 23/81/618 180/21/618
f 347/18/619 180/21/619 29/22/619
f 181/19/620 347/18/620 178/23/620
f 42/25/621 220/28/622 348/26/621
f 220/28/623 43/16/624 141/15/624
f 348/26/625 141/15/625 6/14/625
f 140/27/626 348/26/626 131/29/626
f 49/31/627 226/34/627 349/32/627
f 226/34/628 13/63/628 119/35/628
f 349/32/629 119/35/629 16/36/629
f 232/33/630 349/32/630 122/37/630
f 14/39/631 117/42/631 350/40/631
f 117/42/632 11/6/632 114/5/632
f 350/40/633 114/5/633 10/43/633
f 120/41/634 350/40/634 123/44/634
f 18/45/635 124/48/635 351/46/635
f 124/48/636 2/30/636 133/49/636
f 351/46/637 133/49/637 10/43/637
f 150/47/638 351/46/638 113/4/638
f 20/50/639 125/53/639 352/51/639
f 125/53/640 3/247/640 135/54/640
f 352/51/641 135/54/641 12/55/641
f 159/52/642 352/51/642 115/56/642
f 51/58/643 228/61/643 353/59/643
f 228/61/644 7/153/644 136/62/644
f 353/59/645 136/62/645 13/63/645
f 231/60/646 353/59/646 226/34/646
f 8/64/647 127/67/647 354/65/647
f 127/67/648 4/96/648 134/68/648
f 354/65/649 134/68/649 11/6/649
f 137/66/650 354/65/650 117/42/650
f 24/69/651 170/72/651 355/70/651
f 170/72/652 8/64/652 137/66/652
f 355/70/653 137/66/653 14/39/653
f 173/71/654 355/70/654 168/73/654
f 25/75/655 129/78/655 356/76/655
f 129/78/656 5/107/656 139/79/656
f 356/76/657 139/79/657 16/36/657
f 172/77/658 356/76/658 121/80/658
f 52/82/659 229/85/659 357/83/659
f 229/85/660 1/103/660 132/86/660
f 357/83/661 132/86/661 9/87/661
f 230/84/662 357/83/662 227/88/662
f 2/30/663 131/29/663 358/89/663
f 131/29/664 6/14/664 138/90/664
f 358/89/665 138/90/665 15/17/665
f 133/49/666 358/89/666 123/44/666
f 46/91/667 212/94/668 359/92/668
f 212/94/669 19/578/669 147/95/669
f 359/92/670 147/95/670 4/96/670
f 219/93/671 359/92/672 208/97/672
f 44/98/673 218/102/674 360/99/675
f 45/101/676 211/104/677 360/99/677
f 1/103/678 229/106/678 360/99/679
f 52/105/680 130/108/680 360/99/681
f 5/107/682 142/100/683 360/99/684
f 47/109/685 213/112/686 361/110/686
f 213/112/687 20/50/687 153/113/687
f 361/110/688 153/113/688 19/114/688
f 217/111/689 361/110/690 212/115/690
f 4/96/691 147/117/691 362/116/691
f 147/117/692 19/114/692 149/118/692
f 362/116/693 149/118/693 17/119/693
f 134/68/694 362/116/694 145/120/694
f 21/121/695 146/124/695 363/122/695
f 146/124/696 18/45/696 150/47/696
f 363/122/697 150/47/697 69/1/697
f 157/123/698 363/122/698 144/125/698
f 9/87/699 154/129/699 364/127/699
f 154/129/700 75/126/700 156/130/700
f 364/127/701 156/130/701 73/57/701
f 112/128/702 364/127/702 115/56/702
f 1/103/703 155/132/703 365/131/703
f 155/132/704 21/121/704 157/123/704
f 365/131/705 157/123/705 75/126/705
f 132/86/706 365/131/706 154/129/706
f 45/101/707 143/135/708 366/133/708
f 143/135/709 3/247/709 125/136/709
f 366/133/710 125/136/710 20/137/710
f 216/134/711 366/133/712 213/138/712
f 19/114/713 153/113/713 367/139/713
f 153/113/714 20/50/714 159/52/714
f 367/139/715 159/52/715 73/57/715
f 149/118/716 367/139/716 152/140/716
f 17/119/717 152/140/717 368/141/717
f 152/140/718 73/57/718 165/143/718
f 368/141/719 165/143/719 80/144/719
f 166/142/720 368/141/720 162/145/720
f 69/1/721 151/149/721 369/147/721
f 151/149/722 17/119/722 166/142/722
f 369/147/723 166/142/723 79/146/723
f 167/148/724 369/147/724 161/150/724
f 6/14/725 171/13/725 370/152/725
f 171/13/726 25/75/726 172/77/726
f 370/152/727 172/77/727 23/81/727
f 138/90/728 370/152/728 169/20/728
f 7/153/729 128/155/729 371/154/729
f 128/155/730 24/69/730 173/71/730
f 371/154/731 173/71/731 22/74/731
f 136/62/732 371/154/732 118/156/732
f 13/63/733 118/156/733 372/157/733
f 118/156/734 22/74/734 174/158/734
f 372/157/735 174/158/735 23/81/735
f 119/35/736 372/157/736 121/80/736
f 44/98/737 142/100/737 373/159/737
f 142/100/738 5/107/739 129/78/739
f 373/159/740 129/78/741 25/75/741
f 215/160/742 373/159/743 214/12/743
f 27/24/744 178/23/744 374/161/744
f 178/23/745 29/22/745 188/163/745
f 374/161/746 188/163/746 33/164/746
f 189/162/747 374/161/747 186/165/747
f 23/81/748 174/158/748 375/167/748
f 174/158/749 22/74/749 182/168/749
f 375/167/750 182/168/750 28/169/750
f 180/21/751 375/167/751 179/170/751
f 22/74/752 168/73/752 376/171/752
f 168/73/753 14/39/753 183/172/753
f 376/171/754 183/172/754 26/173/754
f 182/168/755 376/171/755 177/174/755
f 14/39/756 120/41/756 377/175/756
f 120/41/757 15/17/757 181/19/757
f 377/175/758 181/19/758 27/24/758
f 183/172/759 377/175/759 176/176/759
f 39/177/760 207/180/760 378/178/760
f 207/180/761 38/203/761 196/181/761
f 378/178/762 196/181/762 36/182/762
f 201/179/763 378/178/763 195/183/763
f 26/173/764 176/176/764 379/185/764
f 176/176/765 27/24/765 189/162/765
f 379/185/766 189/162/766 31/166/766
f 190/186/767 379/185/767 184/187/767
f 29/22/768 179/170/768 380/189/768
f 179/170/769 28/169/769 191/190/769
f 380/189/770 191/190/770 32/191/770
f 188/163/771 380/189/771 187/192/771
f 28/169/772 177/174/772 381/193/772
f 177/174/773 26/173/773 190/186/773
f 381/193/774 190/186/774 30/188/774
f 191/190/775 381/193/775 185/194/775
f 36/195/776 193/198/776 382/196/776
f 193/198/777 34/208/777 192/199/777
f 382/196/778 192/199/778 35/200/778
f 195/197/779 382/196/779 194/201/779
f 38/203/780 206/206/780 383/204/780
f 206/206/781 40/214/781 198/207/781
f 383/204/782 198/207/782 34/208/782
f 196/205/783 383/204/783 193/198/783
f 41/209/784 205/212/784 384/210/784
f 205/212/785 39/177/785 201/213/785
f 384/210/786 201/213/786 37/202/786
f 203/211/787 384/210/787 194/201/787
f 40/214/788 204/217/788 385/215/788
f 204/217/789 41/209/789 203/218/789
f 385/215/790 203/218/790 35/219/790
f 198/216/791 385/215/791 192/220/791
f 30/188/792 184/187/792 386/222/792
f 184/187/793 31/166/793 199/224/793
f 386/222/794 199/224/794 41/209/794
f 202/223/795 386/222/795 204/217/795
f 31/166/796 186/165/796 387/225/796
f 186/165/797 33/164/797 197/226/797
f 387/225/798 197/226/798 39/177/798
f 199/224/799 387/225/799 205/212/799
f 32/191/800 185/194/800 388/227/800
f 185/194/801 30/188/801 202/223/801
f 388/227/802 202/223/802 40/214/802
f 200/228/803 388/227/803 206/206/803
f 33/164/804 187/192/804 389/229/804
f 187/192/805 32/191/805 200/228/805
f 389/229/806 200/228/806 38/203/806
f 197/226/807 389/229/807 207/180/807
f 7/153/808 210/232/808 390/230/808
f 210/232/809 44/98/809 215/160/809
f 390/230/810 215/160/811 48/9/812
f 128/231/813 390/230/813 175/233/813
f 1/103/814 211/104/814 391/235/814
f 211/104/815 45/101/816 216/134/815
f 391/235/817 216/134/818 47/109/819
f 155/236/820 391/235/820 158/237/820
f 21/121/821 158/240/821 392/239/821
f 158/240/822 47/109/823 217/241/824
f 392/239/825 217/241/825 46/242/826
f 146/124/827 392/239/827 148/243/827
f 7/153/828 228/246/828 393/244/828
f 51/245/829 126/248/829 393/244/829
f 3/247/830 143/135/830 393/244/830
f 45/101/831 218/102/832 393/244/831
f 44/98/833 210/232/833 393/244/833
f 18/249/834 148/252/834 394/250/834
f 148/252/835 46/242/835 219/253/836
f 394/250/837 219/253/838 42/25/837
f 124/251/839 394/250/839 140/27/839
f 4/96/840 127/255/840 395/254/840
f 127/255/841 8/579/841 209/256/841
f 395/254/842 209/256/842 43/16/843
f 208/97/844 395/254/844 220/28/845
f 24/69/846 175/258/846 396/257/846
f 175/258/847 48/9/848 221/11/849
f 396/257/850 221/11/850 43/16/851
f 170/72/852 396/257/852 209/259/852
f 42/260/853 397/262/854 222/264/855
f 47/263/856 397/262/857 217/266/858
f 46/265/859 397/262/860 219/261/861
f 43/267/862 220/271/863 398/268/864
f 42/270/865 223/273/866 398/268/867
f 48/272/868 221/269/869 398/268/870
f 45/274/871 218/278/872 399/275/873
f 44/277/874 215/279/875 399/275/876
f 48/272/877 224/276/878 399/275/879
f 47/280/880 400/282/881 222/283/882
f 42/270/883 400/282/884 225/284/885
f 45/274/886 400/282/887 216/281/888
f 42/270/889 225/284/890 401/285/891
f 45/274/892 224/276/893 401/285/894
f 48/272/895 223/273/896 401/285/897
f 5/107/898 130/287/898 402/286/898
f 130/287/899 52/82/899 230/84/899
f 402/286/900 230/84/900 50/38/900
f 139/79/901 402/286/901 122/37/901
f 3/247/902 126/289/902 403/288/902
f 126/289/903 51/58/903 231/60/903
f 403/288/904 231/60/904 49/31/904
f 135/54/905 403/288/905 116/290/905
f 12/55/906 116/290/906 404/291/906
f 116/290/907 49/31/907 232/33/907
f 404/291/908 232/33/908 50/38/908
f 112/128/909 404/291/909 227/88/909
f 69/1/910 271/294/910 405/292/910
f 271/294/911 70/580/911 265/295/911
f 405/292/912 265/295/912 63/296/912
f 234/293/913 405/292/913 235/297/913
f 107/299/914 333/302/915 406/300/915
f 333/302/916 102/320/917 262/303/917
f 406/300/918 262/303/918 58/304/918
f 326/301/919 406/300/919 283/305/919
f 67/307/920 293/310/920 407/308/920
f 293/310/921 86/449/921 290/311/921
f 407/308/922 290/311/922 88/312/922
f 281/309/923 407/308/923 292/313/923
f 101/315/924 261/318/925 408/316/925
f 261/318/926 54/339/926 252/319/926
f 408/316/927 252/319/927 58/304/927
f 332/317/928 408/316/929 262/303/929
f 108/321/930 344/324/930 409/322/930
f 344/324/931 109/573/931 243/325/931
f 409/322/932 243/325/932 68/326/932
f 338/323/933 409/322/933 240/327/933
f 66/329/934 241/332/934 410/330/934
f 241/332/935 67/307/935 244/333/935
f 410/330/936 244/333/936 62/298/936
f 238/331/937 410/330/937 235/297/937
f 71/334/938 270/337/938 411/335/938
f 270/337/939 69/1/939 234/293/939
f 411/335/940 234/293/940 62/298/940
f 245/336/941 411/335/941 254/338/941
f 74/340/942 278/343/942 412/341/942
f 278/343/943 73/57/943 236/344/943
f 412/341/944 236/344/944 64/345/944
f 246/342/945 412/341/945 256/346/945
f 110/348/946 343/351/946 413/349/946
f 343/351/947 108/321/947 338/323/947
f 413/349/948 338/323/948 65/328/948
f 340/350/949 413/349/949 257/352/949
f 60/354/950 258/357/950 414/355/950
f 258/357/951 66/329/951 238/331/951
f 414/355/952 238/331/952 63/296/952
f 248/356/953 414/355/953 255/358/953
f 83/360/954 285/363/954 415/361/954
f 285/363/955 81/444/955 280/364/955
f 415/361/956 280/364/956 66/329/956
f 282/362/957 415/361/957 258/357/957
f 84/306/958 284/367/958 416/365/958
f 284/367/959 82/314/959 242/368/959
f 416/365/960 242/368/960 68/326/960
f 250/366/961 416/365/961 260/369/961
f 111/371/962 342/374/962 417/372/962
f 342/374/963 109/573/963 339/375/963
f 417/372/964 339/375/964 61/376/964
f 341/373/965 417/372/965 253/377/965
f 54/339/966 254/338/966 418/379/966
f 254/338/967 62/298/967 244/333/967
f 418/379/968 244/333/968 67/307/968
f 252/319/969 418/379/969 259/380/969
f 105/381/970 331/384/971 419/382/972
f 331/384/973 101/315/974 320/385/975
f 419/382/976 320/385/976 56/359/976
f 324/383/977 419/382/977 267/386/977
f 103/388/978 263/391/979 420/389/979
f 57/370/980 251/393/980 420/389/980
f 111/392/981 341/394/981 420/389/981
f 53/378/982 323/396/982 420/389/982
f 104/395/983 330/390/984 420/389/983
f 106/397/985 329/400/986 421/398/986
f 329/400/987 105/381/988 324/401/988
f 421/398/989 324/401/989 72/402/989
f 325/399/990 421/398/990 273/403/990
f 56/359/991 255/358/991 422/404/991
f 255/358/992 63/296/992 265/406/992
f 422/404/993 265/406/993 70/407/993
f 267/405/994 422/404/994 269/408/994
f 76/409/995 276/412/995 423/410/995
f 276/412/996 75/126/996 144/125/996
f 423/410/997 144/125/997 69/1/997
f 266/411/998 423/410/998 270/337/998
f 73/57/121 165/143/121 424/413/121
f 165/143/121 80/144/121 163/414/121
f 424/413/121 163/414/121 77/415/121
f 156/130/397 424/413/397 164/416/397
f 61/376/999 233/419/999 425/417/999
f 233/419/1000 64/345/1000 236/344/1000
f 425/417/1001 236/344/1001 73/57/1001
f 274/418/1002 425/417/1002 156/130/1002
f 53/378/1003 253/377/1003 426/420/1003
f 253/377/1004 61/376/1004 274/418/1004
f 426/420/1005 274/418/1005 75/126/1005
f 275/421/1006 426/420/1006 276/412/1006
f 104/395/1007 328/424/1008 427/422/1007
f 328/424/1009 106/397/1010 325/425/1011
f 427/422/1012 325/425/1012 74/426/1012
f 264/423/1013 427/422/1013 246/427/1013
f 72/402/1014 269/408/1014 428/428/1014
f 269/408/1015 70/407/1015 272/429/1015
f 428/428/1016 272/429/1016 73/57/1016
f 273/403/1017 428/428/1017 278/343/1017
f 77/430/121 163/433/121 429/431/121
f 163/433/121 80/144/121 162/145/121
f 429/431/121 162/145/121 79/146/121
f 160/432/121 429/431/121 161/150/121
f 70/407/1018 279/435/1018 430/434/1018
f 279/435/1019 79/146/1019 162/145/1019
f 430/434/1020 162/145/1020 80/144/1020
f 272/429/1021 430/434/1021 165/143/1021
f 75/126/397 164/437/397 431/436/397
f 164/437/397 77/430/397 160/432/397
f 431/436/397 160/432/397 78/151/397
f 144/125/397 431/436/397 167/148/397
f 69/1/1022 167/148/1022 432/438/1022
f 432/438/1023 161/150/1023 79/146/1023
f 271/439/1024 432/438/1024 279/435/1024
f 58/304/1025 259/380/1025 433/440/1025
f 259/380/1026 67/307/1026 281/309/1026
f 433/440/1027 281/309/1027 82/314/1027
f 283/305/1028 433/440/1028 284/367/1028
f 59/353/1029 257/352/1029 434/441/1029
f 257/352/1030 65/328/1030 239/443/1030
f 434/441/1031 239/443/1031 81/444/1031
f 249/442/1032 434/441/1032 285/363/1032
f 65/328/1033 240/327/1033 435/445/1033
f 240/327/1034 68/326/1034 242/368/1034
f 435/445/1035 242/368/1035 82/314/1035
f 239/443/1036 435/445/1036 286/446/1036
f 103/388/1037 327/448/1037 436/447/1037
f 327/448/1038 107/299/1039 326/301/1040
f 436/447/1041 326/301/1041 84/306/1041
f 263/391/1042 436/447/1042 250/366/1042
f 86/449/1043 301/451/1043 437/450/1043
f 301/451/1044 90/476/1044 298/452/1044
f 437/450/1045 298/452/1045 92/453/1045
f 290/311/1046 437/450/1046 300/454/1046
f 82/314/1047 292/313/1047 438/455/1047
f 292/313/1048 88/312/1048 291/456/1048
f 438/455/1049 291/456/1049 87/457/1049
f 286/446/1050 438/455/1050 294/458/1050
f 81/444/1051 294/458/1051 439/459/1051
f 294/458/1052 87/457/1052 289/460/1052
f 439/459/1053 289/460/1053 85/461/1053
f 280/364/1054 439/459/1054 295/462/1054
f 66/329/1055 295/462/1055 440/463/1055
f 295/462/1056 85/461/1056 288/464/1056
f 440/463/1057 288/464/1057 86/449/1057
f 241/332/1058 440/463/1058 293/310/1058
f 98/465/1059 313/468/1059 441/466/1059
f 313/468/1060 96/581/1060 307/469/1060
f 441/466/1061 307/469/1061 95/470/1061
f 319/467/1062 441/466/1062 308/471/1062
f 85/461/1063 302/474/1063 442/473/1063
f 302/474/1064 89/483/1064 296/475/1064
f 442/473/1065 296/475/1065 90/476/1065
f 288/464/1066 442/473/1066 301/451/1066
f 88/312/1067 300/454/1067 443/477/1067
f 300/454/1068 92/453/1068 299/478/1068
f 443/477/1069 299/478/1069 91/479/1069
f 291/456/1070 443/477/1070 303/480/1070
f 87/457/1071 303/480/1071 444/481/1071
f 303/480/1072 91/479/1072 297/482/1072
f 444/481/1073 297/482/1073 89/483/1073
f 289/460/1074 444/481/1074 302/474/1074
f 95/484/1075 307/487/1075 445/485/1075
f 307/487/1076 96/501/1076 306/488/1076
f 445/485/1077 306/488/1077 94/489/1077
f 305/486/1078 445/485/1078 304/490/1078
f 97/472/1079 308/494/1079 446/492/1079
f 308/494/1080 95/484/1080 305/486/1080
f 446/492/1081 305/486/1081 93/491/1081
f 318/493/1082 446/492/1082 310/495/1082
f 100/497/1083 315/500/1083 447/498/1083
f 315/500/1084 94/489/1084 306/488/1084
f 447/498/1085 306/488/1085 96/501/1085
f 317/499/1086 447/498/1086 313/502/1086
f 99/496/1087 310/505/1087 448/503/1087
f 310/505/1088 93/582/1088 304/506/1088
f 448/503/1089 304/506/1089 94/507/1089
f 316/504/1090 448/503/1090 315/508/1090
f 89/483/1091 314/510/1091 449/509/1091
f 314/510/1092 99/496/1092 316/504/1092
f 449/509/1093 316/504/1093 100/497/1093
f 296/475/1094 449/509/1094 311/511/1094
f 90/476/1095 311/511/1095 450/512/1095
f 311/511/1096 100/497/1096 317/499/1096
f 450/512/1097 317/499/1097 98/465/1097
f 298/452/1098 450/512/1098 309/513/1098
f 91/479/1099 312/515/1099 451/514/1099
f 312/515/1100 97/472/1100 318/493/1100
f 451/514/1101 318/493/1101 99/496/1101
f 297/482/1102 451/514/1102 314/510/1102
f 92/453/1103 309/513/1103 452/516/1103
f 309/513/1104 98/465/1104 319/467/1104
f 452/516/1105 319/467/1105 97/472/1105
f 299/478/1106 452/516/1106 312/515/1106
f 59/353/1107 249/519/1107 453/517/1107
f 249/519/1108 83/583/1108 287/520/1108
f 453/517/1109 287/520/1109 107/299/1110
f 322/518/1111 453/517/1111 327/448/1112
f 53/378/1113 275/522/1113 454/521/1113
f 275/522/1114 76/584/1114 277/523/1114
f 454/521/1115 277/523/1115 106/397/1116
f 323/396/1117 454/521/1117 328/424/1118
f 76/409/1119 266/411/1119 455/524/1119
f 266/411/1120 71/334/1120 268/526/1120
f 455/524/1121 268/526/1121 105/527/1122
f 277/525/1123 455/524/1123 329/528/1124
f 59/353/1125 322/518/1125 456/529/1125
f 103/388/1126 330/390/1127 456/529/1126
f 104/395/1128 264/423/1129 456/529/1129
f 55/347/1130 247/532/1130 456/529/1130
f 110/531/1131 340/530/1131 456/529/1131
f 71/533/1132 245/536/1132 457/534/1132
f 245/536/1133 54/339/1133 261/318/1133
f 457/534/1134 261/318/1134 101/315/1135
f 268/535/1136 457/534/1136 331/537/1137
f 56/359/1138 320/385/1138 458/538/1138
f 320/385/1139 101/315/1140 332/317/1141
f 458/538/1142 332/317/1143 102/320/1144
f 248/539/1145 458/538/1145 321/540/1145
f 83/360/1146 282/362/1146 459/542/1146
f 282/362/1147 60/354/1147 321/544/1147
f 459/542/1148 321/544/1148 102/320/1149
f 287/543/1150 459/542/1150 333/302/1151
f 101/545/1152 460/547/1153 331/549/1154
f 105/548/1155 460/547/1156 329/551/1157
f 106/550/1158 460/547/1159 334/546/1160
f 102/552/1161 333/556/1162 461/553/1163
f 107/555/1164 335/558/1165 461/553/1166
f 101/557/1167 332/554/1168 461/553/1169
f 104/559/1170 336/562/1171 462/560/1172
f 107/555/1173 327/564/1174 462/560/1175
f 103/563/1176 330/561/1177 462/560/1178
f 106/565/1179 463/567/1180 328/568/1181
f 104/559/1182 463/567/1183 337/569/1182
f 101/557/1184 463/567/1185 334/566/1186
f 101/557/1187 335/558/1188 464/570/1189
f 107/555/1190 336/562/1191 464/570/1192
f 104/559/1193 337/569/1194 464/570/1195
f 57/370/1196 260/369/1196 465/571/1196
f 260/369/1197 68/326/1197 243/325/1197
f 465/571/1198 243/325/1198 109/573/1198
f 251/572/1199 465/571/1199 342/374/1199
f 55/347/1200 256/346/1200 466/574/1200
f 256/346/1201 64/345/1201 237/576/1201
f 466/574/1202 237/576/1202 108/321/1202
f 247/575/1203 466/574/1203 343/351/1203
f 64/345/1204 233/419/1204 467/577/1204
f 233/419/1205 61/376/1205 339/375/1205
f 467/577/1206 339/375/1206 109/573/1206
f 237/576/1207 467/577/1207 344/324/1207
