# Blender v2.91.0 OBJ File: 'CharacterModel.blend'
# www.blender.org
mtllib IncognitoMaskModel.mtl
o IncognitoMask_Cube.002
v -0.532393 7.392765 0.985594
v -0.548450 7.711873 1.443143
v -0.579958 7.909618 0.312908
v -0.989384 8.678666 0.317720
v 0.462307 7.361091 1.005995
v 0.451078 7.572783 1.630967
v 0.586415 7.914270 0.334456
v -0.698613 8.267174 -0.773760
v 0.632229 8.232038 -0.723149
v 0.665030 8.822888 -0.621075
v -0.679371 7.648755 1.188834
v -1.161137 8.285891 0.237955
v 1.147029 8.750157 0.229096
v 0.470358 7.555987 1.295010
v -0.989245 8.178696 -0.028485
v -0.730493 7.365043 1.104844
v 1.019278 8.209474 0.030264
v 0.618004 7.336720 1.170982
v -1.072464 7.591478 0.641449
v -0.656805 7.637291 1.366653
v -0.685187 7.973819 1.053568
v -1.181227 8.177086 0.109662
v -0.070322 8.631028 0.349042
v 1.147674 8.302262 0.220764
v 0.999418 7.597410 0.704519
v 0.721303 7.833051 1.180033
v 0.534087 7.471869 1.189820
v -0.051315 7.134012 1.310322
v -0.030997 7.539356 1.637483
v -0.849018 8.295130 -0.686921
v -0.057498 8.255589 -0.830781
v -0.090789 8.813262 -0.599147
v 0.773550 8.322973 -0.663329
v 0.882791 9.163003 -0.216042
v -0.887551 8.292042 -0.540843
v 0.892133 8.290734 -0.471125
v -0.706548 7.531762 1.105394
v -1.079783 8.430265 0.164667
v 0.502425 7.504592 1.531032
v 1.091906 8.907598 -0.204124
v -1.202729 8.469166 -0.336826
v -0.087560 7.464775 1.338477
v 0.819420 7.805488 0.859293
v -0.968178 7.844050 0.813065
v -0.664313 7.549316 0.650958
v -0.017968 8.005341 0.269773
v 0.609584 7.547201 0.686854
v -0.037104 7.254121 1.068378
v -0.793270 8.050850 0.173949
v -0.681858 7.347035 1.069458
v 0.847098 8.054854 0.198634
v 0.599606 7.319714 1.124385
v -0.963012 7.924040 0.948869
v -0.076460 8.919806 -0.284258
v 0.848899 7.846390 1.001405
v -0.118878 7.473893 1.482108
v -0.027311 7.509301 0.668477
v 0.074751 7.765379 1.496604
v -1.199318 8.826636 -0.419763
v 1.067392 8.576026 -0.314417
v -0.033123 8.303951 -0.583697
v -1.174448 8.329333 -0.384774
v -0.091245 8.282544 -0.760451
v -0.071440 7.333370 1.280944
v 0.907023 7.700983 0.758975
v -1.028043 7.710154 0.704745
v -0.990661 7.532007 0.639155
v 0.935789 7.550260 0.697722
v -0.039458 7.127891 1.262771
v -0.540395 7.804218 1.490263
v -0.425547 8.056526 1.742980
v -1.076950 9.161431 0.327200
v 0.469462 7.785586 1.506976
v 0.376065 8.052247 1.724863
v 1.077470 9.106817 0.418168
v -0.594452 8.857150 1.400957
v -0.893579 9.457604 0.559296
v 1.178625 9.539992 0.584057
v 0.619743 8.925500 1.410728
v -0.587115 8.764935 -1.028197
v -0.694151 8.420577 -1.002173
v 0.391839 8.489511 -1.062594
v 0.383990 8.733952 -1.099150
v -0.624673 9.023225 -0.750056
v 0.660534 8.923895 -0.793968
v -1.103761 9.549562 0.608028
v -0.712134 9.177566 -0.910519
v -0.632598 8.980336 1.601107
v 0.899307 9.437604 0.524350
v 0.655782 9.086671 1.533289
v 0.640084 9.145744 -0.917682
v -0.385886 8.198392 -0.425934
v -0.372259 8.156267 0.874703
v 0.369349 8.157342 0.871643
v 0.371295 8.196766 -0.429580
v -1.172276 9.729787 0.732112
v -0.691431 9.380650 -0.856111
v -0.574935 9.170330 1.633607
v 1.171847 9.647925 0.607733
v 0.740674 9.235541 1.567654
v 0.672492 9.375802 -0.851557
v -1.048370 9.731990 0.721756
v -0.619461 9.377548 -0.774512
v -0.540406 9.161861 1.561788
v 1.048151 9.683251 0.611672
v 0.716540 9.242453 1.505940
v 0.602868 9.380738 -0.772849
v -1.185315 9.667203 0.686740
v -0.727148 9.338005 -0.933804
v -0.651212 9.086728 1.697454
v 1.210221 9.622533 0.595681
v 0.731331 9.174079 1.608447
v 0.708075 9.321873 -0.928699
v 0.752971 9.204650 1.614427
v 1.214840 9.651990 0.598652
v 0.708082 9.367615 -0.923271
v -0.724473 9.381425 -0.929053
v -1.212473 9.712627 0.695282
v -0.642901 9.141137 1.698135
v -1.083850 9.616976 -0.295123
v -1.216421 9.043959 -0.456366
v -1.088774 8.602909 -0.684644
v 1.048025 8.946486 -0.452377
v 1.073434 9.543304 -0.285650
v 0.882585 8.605966 -0.645655
v -0.949448 9.370501 -0.203402
v 0.943506 9.380321 -0.201201
v -1.116235 9.754807 -0.238917
v 1.063933 9.706721 -0.252143
v -1.049333 9.743143 -0.184597
v 0.970103 9.735891 -0.216976
v -1.090487 9.715376 -0.286621
v 1.074548 9.652061 -0.292045
v -1.105130 9.740409 -0.286167
v 1.079114 9.690616 -0.289510
v -0.779337 8.142063 0.910746
v -0.643807 8.595678 1.434918
v 0.584664 8.526465 1.505681
v 0.890735 8.087382 0.939268
v -0.021626 8.624267 2.016313
v -0.037260 8.838416 2.096657
v -0.151433 8.282430 -1.054814
v -0.067035 8.893179 -1.056702
v 0.103081 9.100150 -1.031116
v 0.034321 8.791424 1.911627
v 0.055603 9.007781 -0.808634
v 0.001020 7.971900 1.015199
v -0.007604 8.041920 -0.424370
v -0.029409 8.957298 2.108368
v -0.005521 9.318871 -0.966573
v -0.009144 8.957784 2.041996
v -0.005711 9.310811 -0.878025
v -0.038170 8.933854 2.173469
v -0.004824 9.266810 -1.038338
v -0.040880 8.976226 2.168226
v -0.005073 9.308456 -1.043048
v -0.004770 8.050028 -0.122163
v -0.005433 7.694241 1.623067
v -0.015941 8.047956 1.846650
v -0.801544 8.369007 1.117903
v -0.898282 8.966507 0.865975
v -1.107240 8.910027 0.126776
v -0.990628 9.378587 -0.660063
v 1.103040 8.824211 0.249590
v 0.910470 8.850179 0.947344
v 0.806381 8.285137 1.174250
v -0.372847 8.483120 1.849073
v -0.894013 9.357491 1.079022
v 0.980174 9.301311 1.111674
v -0.365090 8.811884 1.904647
v -1.033378 9.413133 0.466585
v 1.097226 9.386104 0.519892
v 0.612119 8.866415 1.530000
v -0.664363 8.828499 1.503066
v -0.595609 8.747165 -1.026343
v -0.469016 8.328222 -1.040751
v 0.336551 8.806329 -1.126996
v 0.369466 8.708947 -1.105536
v 0.314185 9.064886 -1.045465
v -0.660590 8.816201 -0.988860
v 0.497859 8.789697 -1.031264
v -1.227812 9.166739 -0.097297
v 0.749115 8.823709 -0.829529
v 1.233109 9.563941 0.060587
v 0.659165 8.454167 -0.903164
v -0.821848 9.200597 -0.485623
v -0.771479 9.244650 0.988699
v 0.764003 9.206732 0.961677
v -0.369647 8.663853 1.716771
v 0.351082 8.898117 -0.911391
v 1.012423 9.448837 0.096741
v 1.198386 9.596111 0.593678
v 0.749024 9.213616 1.591481
v 0.693428 9.292715 -0.907588
v -0.720631 9.312024 -0.911456
v 1.046562 9.614408 0.603375
v 0.690623 9.194266 1.477475
v -0.473241 8.184203 -0.303847
v -0.213668 8.003426 0.951045
v 0.200732 8.068285 -0.426247
v 0.683371 8.942436 0.395583
v 0.474124 8.478408 1.133650
v -0.680577 8.944593 0.400397
v -0.483402 8.481025 1.139192
v -0.942964 9.543530 -0.606005
v -0.882423 9.485582 1.118848
v 1.036697 9.530989 1.135557
v -0.376976 9.031145 1.904464
v 0.340292 9.330979 -0.951173
v 1.232740 9.678332 0.082966
v -0.860577 9.536524 -0.543389
v -0.807041 9.491024 1.084048
v 0.946288 9.538537 1.089165
v -0.338703 9.009180 1.819896
v 0.308024 9.320696 -0.863312
v 1.148334 9.661430 0.121480
v -1.114302 9.731109 0.739809
v -0.652403 9.380316 -0.809462
v -0.551766 9.165882 1.590629
v 1.113210 9.664571 0.614245
v 0.733933 9.242395 1.534863
v 0.633923 9.383873 -0.807168
v -0.552902 9.092329 1.530287
v 0.696600 9.376289 -0.893681
v -0.606248 9.324021 -0.750115
v -1.028579 9.656663 0.715215
v 1.202299 9.651990 0.601787
v 0.592549 9.323155 -0.751182
v -0.978452 9.489694 -0.671993
v -0.931799 9.431217 1.147645
v 1.040266 9.436097 1.156508
v -0.405115 8.963944 1.997812
v 0.363631 9.276817 -1.029985
v 1.248862 9.654285 0.059289
v 0.745865 9.188798 1.621343
v 1.216164 9.641089 0.597113
v 0.711279 9.346529 -0.936298
v -0.728655 9.360881 -0.942029
v -0.974265 9.530579 -0.666119
v -0.942861 9.468799 1.151210
v 1.055456 9.481658 1.159801
v -0.409143 9.024364 1.991133
v 0.365198 9.320678 -1.027025
v 1.252805 9.688878 0.064561
v -0.657481 9.113483 1.707323
v -1.204249 9.689056 0.686986
v 0.712068 9.160352 1.577114
v -0.610246 9.163353 1.673140
v -0.631826 9.058543 1.665247
v -0.714436 9.386232 -0.898485
v -1.202689 9.725652 0.710838
v -1.158546 9.637327 0.679607
v -1.187340 9.591430 0.086412
v -0.938039 8.910520 -0.790270
v -0.941100 8.413819 -0.879289
v 1.150351 9.117978 -0.036161
v 0.914759 9.383818 -0.647107
v -0.942442 9.493260 0.124683
v 0.822168 9.176054 -0.498423
v 0.464657 8.179229 -0.311353
v -1.246379 9.701249 0.161195
v 0.934596 9.580070 -0.574821
v -1.203247 9.710344 0.228636
v 0.863566 9.589034 -0.516390
v -1.230084 9.662087 0.116887
v 0.946269 9.505004 -0.643343
v -1.247501 9.697003 0.122701
v 0.948404 9.551550 -0.634789
v 1.080293 9.628920 -0.281862
v -1.096944 9.701172 -0.275012
v -1.118801 9.746656 -0.269119
v 1.073712 9.672822 -0.295580
v -1.092466 9.728023 -0.292013
v 0.961953 9.670501 -0.205805
v 1.083730 9.698397 -0.274907
v 1.012740 9.730965 -0.231505
v -1.089038 9.757645 -0.204191
v -0.278251 8.083169 -0.122131
v -1.014502 9.679870 -0.185900
v 0.975198 8.747103 -0.566275
v 1.082345 9.300848 -0.349387
v -1.180478 9.328387 -0.358063
v -1.198173 8.809279 -0.583851
v -0.505429 7.902400 1.637598
v 0.446874 7.902729 1.612779
v 0.286989 7.717948 1.554970
v -0.252168 8.047236 1.825102
v -0.665318 7.898173 1.281271
v -0.503536 8.252153 1.668675
v 0.437188 8.228873 1.681461
v 0.624768 7.851184 1.324440
v 0.295867 8.627878 1.923474
v 0.359560 8.926147 1.946401
v 0.167059 8.291533 -1.060223
v -0.380063 8.790535 -1.069327
v -0.371582 8.962454 -1.040160
v 0.391725 8.826887 1.780291
v -0.293185 8.946176 -0.870808
v 0.213530 8.003783 0.949338
v -0.215894 8.069287 -0.423790
v 0.388227 9.051080 1.933092
v -0.352881 9.322272 -0.954818
v 0.362279 9.069465 1.867372
v -0.320149 9.317374 -0.867039
v 0.397994 8.995299 2.006601
v -0.377900 9.279083 -1.033416
v 0.402266 9.031891 1.998333
v -0.377587 9.321484 -1.031525
v 0.268831 8.080405 -0.125756
v -0.342634 7.732977 1.528888
v 0.215396 8.051667 1.806749
v -0.008252 8.348948 1.960295
v 0.049486 7.710247 1.498947
v -0.002618 8.176781 0.051015
v -0.004852 9.320971 -1.011876
v -0.005459 9.285199 -1.051636
v -0.040450 8.959399 2.180472
v -0.005066 9.258636 -0.854687
v -0.004457 9.248221 -1.012713
v -0.005849 9.318587 -0.916837
v -0.019495 8.962444 2.071110
v -0.012962 8.334989 1.505332
v -0.006806 7.932676 -0.265416
v -0.037004 8.968793 2.141870
v 0.009573 8.916862 2.018216
v -0.039047 8.906844 2.143975
v -0.156155 8.300367 -0.903865
v 0.051329 8.917680 -1.059443
v -0.113564 8.860264 -1.055002
v -0.030493 8.751522 2.036245
v -0.022920 7.826329 1.725333
v -0.950593 8.690373 0.625188
v -0.923811 8.761050 -0.843914
v 1.004199 8.582982 0.728411
v -0.289727 7.835932 1.705889
v -0.999198 9.109341 -0.706423
v 0.592767 8.726514 0.768976
v 0.960206 9.097734 1.058548
v -0.883759 9.238822 1.000740
v 0.342581 8.817470 1.938495
v 0.329684 8.790215 -1.121803
v -0.386349 8.800899 -1.067902
v 0.853968 9.016225 -0.722938
v 0.696691 8.765907 -0.880584
v -0.630021 8.344027 -0.909165
v -0.852574 9.473119 -0.525963
v 0.383591 8.977509 1.982026
v -0.331824 8.939567 1.787523
v -0.397150 9.039100 1.956278
v 1.015150 9.400852 1.137473
v 0.921768 9.472449 1.065153
v 0.230640 7.963099 -0.271782
v -0.773004 8.954367 0.087831
v 0.263959 8.358039 1.388422
v -0.605795 8.721617 0.776027
v -0.898241 9.545074 -0.569891
v -0.837073 9.496303 1.099448
v 0.998445 9.547791 1.111501
v -0.356670 9.019969 1.852981
v 0.322508 9.327085 -0.901757
v 1.189683 9.668223 0.101924
v 1.049948 9.502987 1.149928
v -0.368088 9.257836 -1.007994
v 0.300117 9.268632 -0.838486
v -0.817947 9.432756 1.064804
v 1.250966 9.690241 0.072149
v 1.146840 9.593987 0.121057
v 0.401762 9.015645 2.012846
v 1.053240 9.459424 1.163972
v -0.380802 9.300117 -1.043684
v -1.239037 9.680364 0.116881
v -0.944324 9.451161 1.155111
v 0.945995 9.527742 -0.648289
v -0.968218 9.540186 -0.640433
v -1.220210 9.643716 0.117929
v -0.913747 9.406590 1.125053
v 0.355721 9.331288 -0.995922
v -0.920642 9.479484 1.138566
v 0.945008 9.483859 -0.626854
v 1.247883 9.632525 0.063038
v -0.978931 9.471936 -0.655099
v -1.250795 9.700886 0.134747
v 1.250853 9.673048 0.059645
v -0.977264 9.508890 -0.677820
v 0.852883 9.520974 -0.502742
v 0.949984 9.562683 -0.607793
v 0.896611 9.592495 -0.539219
v -1.235065 9.710317 0.202539
v 0.277967 8.204346 0.041767
v -1.176300 9.647529 0.217240
v 1.183185 9.406152 0.030857
v -1.191014 9.435837 0.018852
v -1.228018 8.916157 -0.339703
v -0.661738 8.082952 1.454445
v 0.607509 8.039942 1.464911
v -0.416635 7.799404 1.244599
v 0.235536 8.329515 1.885735
v -0.282035 8.293594 1.864894
v 0.380800 7.726878 1.396688
v -0.269131 8.213134 0.050836
v -0.367709 9.328574 -0.999296
v 0.367512 9.299085 -1.038873
v -0.411337 8.998693 2.005992
v -0.311583 9.265675 -0.842179
v 0.350498 9.250709 -1.008245
v -0.334684 9.323570 -0.905369
v 0.373676 9.070992 1.893802
v -0.286912 8.344422 1.396214
v -0.244010 7.965392 -0.268243
v 0.397785 9.036960 1.968906
v 0.359687 9.027181 1.842162
v -0.387193 8.915824 1.962812
v 0.323522 8.314928 -0.910048
v 0.326364 8.783524 -1.139462
v -0.400308 8.763433 -1.070948
v -0.359019 8.662623 1.857959
v 0.239621 7.846747 1.679929
v 0.650959 8.796483 -0.819114
v 0.724167 8.816256 -0.704182
v 0.324208 8.724569 -0.853784
v -0.062308 8.747633 -0.696702
v 0.009739 8.738054 -0.699079
v -0.262092 8.735555 -0.693456
v -0.560420 8.794744 -0.571917
v -0.516116 8.771052 -0.625250
v 0.766109 8.551029 -0.757131
v 0.475614 8.432860 -0.792728
v -0.077262 8.359921 -0.818224
v -0.144221 8.359832 -0.816885
v -1.148752 8.812210 -0.471717
v -0.849923 8.428708 -0.829227
v -0.895338 8.461096 -0.789548
v -0.945933 8.550228 -0.694923
v -1.078394 8.697644 -0.524907
v -0.678662 8.413084 -0.828348
v 0.899586 8.625295 -0.545834
v 1.062592 8.895093 -0.247562
v 1.063486 8.827526 -0.266455
v 1.072705 8.968808 -0.220807
v 0.806486 8.853973 -0.508527
v 0.398242 8.315016 -0.467277
v 0.215618 8.307970 -0.524310
v -0.032854 8.302958 -0.535749
v -0.007683 8.302933 -0.537301
v -0.411027 8.307094 -0.461911
v -0.230566 8.303302 -0.521464
v -0.728362 8.875930 -0.431703
v -0.865680 9.064705 -0.186417
v -0.865610 9.065894 -0.184840
v -1.191444 8.873788 -0.384318
v 0.892102 9.156590 -0.216272
v 0.522887 8.316536 -0.336429
v 0.559623 8.274355 -0.183724
v 0.501803 8.256689 -0.097025
v 0.549976 8.268731 -0.158949
v -0.521854 8.300551 -0.325945
v -0.527418 8.274593 -0.183698
v -0.498251 8.271042 -0.134814
v -0.476880 8.267648 -0.113078
v 1.133443 8.915695 -0.156123
v 1.145425 8.814545 0.079508
v 1.088647 8.805070 0.228908
v 1.087923 8.804743 0.231244
v 0.889975 9.134060 -0.153332
v 0.897199 9.145319 -0.194526
v 1.065212 8.693006 0.312074
v 1.003372 8.455906 0.562746
v 0.826373 8.986183 0.086004
v 0.788249 8.944459 0.155883
v 0.633395 8.819211 0.367195
v 0.290917 8.210382 0.042256
v 0.269778 8.204236 0.081901
v 0.245248 8.199316 0.102221
v -0.002010 8.173670 0.123906
v -0.016082 8.174058 0.121291
v -0.781189 8.900832 -0.018817
v -0.699807 8.794897 0.078638
v -1.014267 8.741522 0.251562
v -0.564601 8.656070 0.331122
v -0.973805 8.678123 0.318346
v -0.270584 8.213365 0.050979
v -0.243017 8.199568 0.077865
v -0.268767 8.212311 0.054635
v -1.190684 8.874509 -0.382497
v -1.072841 8.861016 0.075572
v 0.881199 8.152122 0.862710
v 0.965510 8.212575 0.757676
v 0.628660 8.812194 0.370769
v 0.710755 8.029982 0.918712
v 0.459705 8.394884 0.642373
v 0.382930 8.188296 0.774047
v 0.213329 8.004704 0.931672
v 0.483038 7.862860 1.140877
v -0.075640 7.985885 0.953205
v 0.000864 7.975018 0.961628
v 0.094163 7.803700 1.414142
v 0.062425 7.813953 1.416252
v -0.556897 8.643381 0.341950
v -0.445102 8.315092 0.618571
v -0.842320 8.386090 0.566881
v -0.879681 8.511522 0.459467
v -0.213282 8.005606 0.921780
v -0.507334 8.044310 0.889464
v -0.395494 8.206095 0.717124
v -0.432557 7.965860 1.008743
vt 0.204407 0.413550
vt 0.167777 0.410507
vt 0.253840 0.486633
vt 0.281815 0.465397
vt 0.525908 0.410507
vt 0.548229 0.430307
vt 0.520062 0.499848
vt 0.462830 0.486633
vt 0.232272 0.499848
vt 0.383855 0.686971
vt 0.415384 0.621026
vt 0.400287 0.582697
vt 0.457398 0.593288
vt 0.460607 0.593121
vt 0.452272 0.610851
vt 0.646723 0.584972
vt 0.791688 0.580153
vt 0.823587 0.636252
vt 0.831441 0.654804
vt 0.844543 0.718342
vt 0.843063 0.734991
vt 0.645459 0.753101
vt 0.798205 0.842519
vt 0.642507 0.836697
vt 0.402112 0.705950
vt 0.401669 0.720442
vt 0.385018 0.690778
vt 0.243017 0.466018
vt 0.272292 0.455160
vt 0.206220 0.462477
vt 0.113328 0.393381
vt 0.133915 0.375278
vt 0.830009 0.449511
vt 0.836081 0.411783
vt 0.764708 0.271178
vt 0.758102 0.333837
vt 0.636721 0.284166
vt 0.643172 0.322298
vt 0.754131 0.244648
vt 0.654824 0.242918
vt 0.636721 0.367128
vt 0.654824 0.384507
vt 0.525908 0.314817
vt 0.521260 0.362025
vt 0.541739 0.482804
vt 0.657508 0.508217
vt 0.655583 0.376528
vt 0.524362 0.387152
vt 0.782010 0.484039
vt 0.786783 0.386590
vt 0.655583 0.500169
vt 0.786783 0.495290
vt 0.756444 0.410565
vt 0.653566 0.394003
vt 0.524362 0.504820
vt 0.551537 0.415981
vt 0.646723 0.674324
vt 0.544902 0.680972
vt 0.546489 0.677603
vt 0.569519 0.590449
vt 0.579738 0.561513
vt 0.617274 0.508287
vt 0.645628 0.503051
vt 0.676608 0.280318
vt 0.520062 0.397935
vt 0.548229 0.294511
vt 0.809797 0.364361
vt 0.535776 0.726254
vt 0.518691 0.631353
vt 0.397484 0.703658
vt 0.433737 0.735381
vt 0.528099 0.738963
vt 0.528474 0.738772
vt 0.414152 0.726254
vt 0.415774 0.738772
vt 0.424568 0.722424
vt 0.546478 0.722424
vt 0.557435 0.692009
vt 0.592458 0.652873
vt 0.611951 0.629210
vt 0.403828 0.587043
vt 0.514075 0.659722
vt 0.491354 0.747748
vt 0.443071 0.562410
vt 0.546356 0.583983
vt 0.598273 0.568400
vt 0.585950 0.592542
vt 0.500303 0.744428
vt 0.871179 0.669601
vt 0.764580 0.703394
vt 0.774504 0.719834
vt 0.776491 0.726411
vt 0.768923 0.766951
vt 0.743247 0.801688
vt 0.705626 0.816830
vt 0.659627 0.820278
vt 0.654442 0.819866
vt 0.654386 0.832596
vt 0.844988 0.802710
vt 0.478375 0.821219
vt 0.517296 0.883053
vt 0.649365 0.898191
vt 0.791448 0.869617
vt 0.844981 0.735052
vt 0.827344 0.812639
vt 0.810387 0.864582
vt 0.457426 0.685198
vt 0.417878 0.648523
vt 0.419275 0.779785
vt 0.426715 0.553811
vt 0.528568 0.594230
vt 0.620125 0.620612
vt 0.590810 0.585150
vt 0.486313 0.859999
vt 0.642413 0.879520
vt 0.486313 0.585150
vt 0.486126 0.620612
vt 0.521406 0.616464
vt 0.631500 0.602327
vt 0.645294 0.602351
vt 0.642413 0.581808
vt 0.759185 0.621714
vt 0.819027 0.653086
vt 0.820560 0.592542
vt 0.649365 0.574653
vt 0.791448 0.568400
vt 0.788517 0.330712
vt 0.771230 0.366591
vt 0.646493 0.329822
vt 0.650639 0.276897
vt 0.758102 0.388923
vt 0.643172 0.364707
vt 0.521260 0.413550
vt 0.515662 0.382491
vt 0.510729 0.338231
vt 0.292957 0.427416
vt 0.304175 0.399919
vt 0.182535 0.388923
vt 0.204204 0.366591
vt 0.867088 0.399919
vt 0.848055 0.427416
vt 0.221709 0.338231
vt 0.221596 0.382491
vt 0.304129 0.429851
vt 0.317168 0.398345
vt 0.455173 0.554239
vt 0.457135 0.382556
vt 0.497797 0.520298
vt 0.520748 0.393717
vt 0.457135 0.507953
vt 0.510729 0.384322
vt 0.440283 0.507344
vt 0.497797 0.631456
vt 0.657897 0.553008
vt 0.660795 0.552905
vt 0.711730 0.559713
vt 0.835710 0.521362
vt 0.611148 0.559780
vt 0.835710 0.624903
vt 0.711730 0.650498
vt 0.716783 0.655893
vt 0.721138 0.666418
vt 0.853981 0.492405
vt 0.784727 0.379135
vt 0.853981 0.387402
vt 0.867088 0.490601
vt 0.788517 0.366764
vt 0.653081 0.342396
vt 0.650639 0.329772
vt 0.261693 0.544514
vt 0.219019 0.604763
vt 0.320517 0.690079
vt 0.354656 0.642597
vt 0.332528 0.609298
vt 0.153714 0.664939
vt 0.270916 0.763387
vt 0.381902 0.815135
vt 0.423189 0.748392
vt 0.590341 0.666859
vt 0.569578 0.721646
vt 0.623150 0.708842
vt 0.630437 0.616659
vt 0.414388 0.721646
vt 0.410628 0.783948
vt 0.467975 0.748523
vt 0.470906 0.708842
vt 0.540265 0.709873
vt 0.538515 0.705156
vt 0.467344 0.616659
vt 0.518215 0.618453
vt 0.397890 0.725610
vt 0.363163 0.800636
vt 0.254154 0.732504
vt 0.299254 0.661569
vt 0.139137 0.646565
vt 0.207411 0.582497
vt 0.660090 0.246745
vt 0.656488 0.219595
vt 0.601526 0.224757
vt 0.590627 0.271747
vt 0.656488 0.460693
vt 0.657926 0.519530
vt 0.609263 0.519339
vt 0.601526 0.463242
vt 0.573547 0.521805
vt 0.557092 0.480888
vt 0.557092 0.242887
vt 0.549889 0.282002
vt 0.543316 0.783948
vt 0.523066 0.859458
vt 0.594827 0.801306
vt 0.612100 0.748523
vt 0.510100 0.936073
vt 0.585277 0.872785
vt 0.455376 0.801306
vt 0.457142 0.872785
vt 0.514511 0.819418
vt 0.525129 0.723484
vt 0.158697 0.752500
vt 0.251201 0.827161
vt 0.290897 0.699673
vt 0.215775 0.633806
vt 0.341290 0.888453
vt 0.367816 0.756996
vt 0.372927 0.722420
vt 0.316977 0.611632
vt 0.289852 0.556788
vt 0.269748 0.548570
vt 0.231246 0.798225
vt 0.134127 0.736814
vt 0.342208 0.874781
vt 0.328990 0.915635
vt 0.220302 0.852270
vt 0.133450 0.795288
vt 0.243154 0.835681
vt 0.353189 0.881957
vt 0.139676 0.726748
vt 0.119479 0.767058
vt 0.227028 0.867185
vt 0.324052 0.918176
vt 0.656755 0.672529
vt 0.722157 0.673488
vt 0.731781 0.723820
vt 0.654928 0.706312
vt 0.053072 0.673488
vt 0.049978 0.723820
vt 0.048349 0.752672
vt 0.735278 0.752672
vt 0.653534 0.729381
vt 0.630014 0.581778
vt 0.637815 0.735181
vt 0.729124 0.716585
vt 0.695623 0.584195
vt 0.647400 0.743919
vt 0.730538 0.720863
vt 0.740311 0.701648
vt 0.737319 0.695010
vt 0.741928 0.636754
vt 0.647400 0.958169
vt 0.582917 0.961520
vt 0.581622 0.961142
vt 0.671783 0.958896
vt 0.582917 0.716670
vt 0.581622 0.719421
vt 0.584664 0.762311
vt 0.671783 0.750424
vt 0.682444 0.798866
vt 0.508149 0.916515
vt 0.521278 0.852147
vt 0.598229 0.776586
vt 0.582608 0.874174
vt 0.542494 0.758072
vt 0.620187 0.725477
vt 0.837126 0.776586
vt 0.815526 0.725477
vt 0.763768 0.716447
vt 0.849648 0.874174
vt 0.793066 0.810970
vt 0.565957 0.705139
vt 0.630704 0.710131
vt 0.582309 0.667670
vt 0.635356 0.627371
vt 0.804727 0.710131
vt 0.796996 0.627371
vt 0.531426 0.919001
vt 0.467344 0.911069
vt 0.518215 0.943692
vt 0.564593 0.953934
vt 0.629042 0.917594
vt 0.630014 0.957667
vt 0.672664 0.774344
vt 0.600814 0.757989
vt 0.607219 0.702074
vt 0.648374 0.705280
vt 0.663216 0.702737
vt 0.532528 0.778444
vt 0.554890 0.711497
vt 0.491206 0.870639
vt 0.549343 0.825533
vt 0.557653 0.897882
vt 0.487600 0.952770
vt 0.603816 0.778444
vt 0.603828 0.858299
vt 0.608854 0.872510
vt 0.561242 0.914714
vt 0.487332 0.969568
vt 0.740229 0.766308
vt 0.653166 0.747547
vt 0.124422 0.814848
vt 0.041011 0.766308
vt 0.740229 0.151448
vt 0.807894 0.258945
vt 0.811863 0.250626
vt 0.743196 0.144924
vt 0.653166 0.108454
vt 0.653346 0.100624
vt 0.668279 0.716906
vt 0.585063 0.683038
vt 0.592854 0.756234
vt 0.663181 0.750207
vt 0.095653 0.683038
vt 0.160710 0.734355
vt 0.134068 0.796790
vt 0.081078 0.756234
vt 0.127579 0.815249
vt 0.074409 0.774715
vt 0.591437 0.774715
vt 0.659326 0.761071
vt 0.655151 0.117907
vt 0.583553 0.172040
vt 0.579397 0.158284
vt 0.653587 0.109013
vt 0.542774 0.243947
vt 0.535500 0.233451
vt 0.528773 0.226816
vt 0.576926 0.149031
vt 0.652788 0.102016
vt 0.214987 0.878697
vt 0.327008 0.930534
vt 0.326596 0.937548
vt 0.211066 0.888053
vt 0.870329 0.375660
vt 0.875503 0.370607
vt 0.229885 0.897704
vt 0.325011 0.935391
vt 0.144947 0.823852
vt 0.139084 0.836645
vt 0.224939 0.915249
vt 0.323302 0.953668
vt 0.660227 0.710068
vt 0.716588 0.711021
vt 0.708721 0.749788
vt 0.659807 0.748099
vt 0.756928 0.760294
vt 0.737696 0.791681
vt 0.702560 0.790796
vt 0.659643 0.790297
vt 0.423621 0.903229
vt 0.431212 0.760164
vt 0.453181 0.745951
vt 0.487382 0.789772
vt 0.487707 0.789456
vt 0.334091 0.893763
vt 0.366824 0.757569
vt 0.378864 0.677603
vt 0.381095 0.680972
vt 0.433106 0.717828
vt 0.490752 0.873246
vt 0.551980 0.819017
vt 0.554061 0.733511
vt 0.493857 0.813850
vt 0.489377 0.810858
vt 0.612861 0.752074
vt 0.618041 0.718249
vt 0.594366 0.723498
vt 0.741904 0.726320
vt 0.715585 0.601851
vt 0.658539 0.595731
vt 0.082568 0.726320
vt 0.163292 0.601851
vt 0.253743 0.507803
vt 0.658539 0.278001
vt 0.715585 0.309038
vt 0.705196 0.425606
vt 0.661420 0.408121
vt 0.245635 0.837228
vt 0.289445 0.698373
vt 0.214633 0.634501
vt 0.269118 0.548285
vt 0.301579 0.561513
vt 0.321881 0.590449
vt 0.445048 0.726643
vt 0.483932 0.821895
vt 0.476173 0.828930
vt 0.436869 0.731844
vt 0.533601 0.883253
vt 0.526815 0.892532
vt 0.518776 0.904916
vt 0.466960 0.838518
vt 0.431267 0.741063
vt 0.549887 0.263013
vt 0.494960 0.389843
vt 0.488774 0.385755
vt 0.547546 0.255356
vt 0.445247 0.486024
vt 0.431665 0.481232
vt 0.419722 0.483275
vt 0.479432 0.380605
vt 0.877127 0.515249
vt 0.856143 0.388485
vt 0.866888 0.382555
vt 0.890529 0.514566
vt 0.808815 0.277840
vt 0.812398 0.270161
vt 0.813787 0.261456
vt 0.874767 0.376169
vt 0.902608 0.516295
vt 0.659326 0.135528
vt 0.591437 0.194491
vt 0.587736 0.185707
vt 0.657194 0.127798
vt 0.660033 0.910733
vt 0.724662 0.906828
vt 0.727646 0.917034
vt 0.660005 0.921037
vt 0.785399 0.882812
vt 0.791797 0.891922
vt 0.799742 0.903707
vt 0.731309 0.930153
vt 0.660072 0.934241
vt 0.861049 0.735238
vt 0.897764 0.645385
vt 0.906282 0.650577
vt 0.869832 0.739096
vt 0.915152 0.655610
vt 0.880378 0.744575
vt 0.877497 0.372353
vt 0.908881 0.517874
vt 0.874767 0.913245
vt 0.813787 0.834810
vt 0.815507 0.828989
vt 0.877497 0.905811
vt 0.815507 0.255130
vt 0.816320 0.249039
vt 0.878632 0.369732
vt 0.911465 0.518706
vt 0.585384 0.840729
vt 0.660291 0.838176
vt 0.512761 0.855114
vt 0.585384 0.945238
vt 0.512761 0.919609
vt 0.511418 0.925542
vt 0.583363 0.951987
vt 0.660291 0.946491
vt 0.660216 0.953293
vt 0.733532 0.745231
vt 0.723033 0.843595
vt 0.660166 0.840941
vt 0.797278 0.752074
vt 0.783274 0.858069
vt 0.785399 0.873357
vt 0.724662 0.857417
vt 0.660033 0.854792
vt 0.229957 0.887166
vt 0.301972 0.946609
vt 0.300624 0.966607
vt 0.225993 0.902635
vt 0.918907 0.658482
vt 0.884456 0.750618
vt 0.919285 0.660496
vt 0.505936 0.957688
vt 0.434443 0.955523
vt 0.436006 0.955161
vt 0.508944 0.955623
vt 0.429377 0.891436
vt 0.424368 0.929970
vt 0.491701 0.950283
vt 0.424280 0.947875
vt 0.494002 0.967642
vt 0.653346 0.754718
vt 0.743196 0.771030
vt 0.743972 0.776432
vt 0.652877 0.761500
vt 0.035948 0.771030
vt 0.117967 0.818493
vt 0.115311 0.822400
vt 0.034662 0.776432
vt 0.814857 0.822400
vt 0.816320 0.826609
vt 0.744076 0.780745
vt 0.652788 0.765967
vt 0.209529 0.894246
vt 0.326301 0.942474
vt 0.325984 0.945368
vt 0.210388 0.900149
vt 0.116736 0.826609
vt 0.660216 0.843111
vt 0.583363 0.846369
vt 0.582765 0.851953
vt 0.660085 0.847993
vt 0.511418 0.862012
vt 0.511108 0.868085
vt 0.511969 0.873539
vt 0.583427 0.857626
vt 0.660164 0.854167
vt 0.508349 0.962196
vt 0.425227 0.948049
vt 0.425228 0.952901
vt 0.509459 0.965554
vt 0.307838 0.949407
vt 0.307787 0.955209
vt 0.306078 0.961466
vt 0.424029 0.957318
vt 0.508255 0.968842
vt 0.212892 0.886758
vt 0.211354 0.892052
vt 0.099632 0.795303
vt 0.097599 0.802406
vt 0.099492 0.809747
vt 0.212158 0.896735
vt 0.509466 0.945387
vt 0.581833 0.906347
vt 0.582852 0.912383
vt 0.510194 0.950899
vt 0.640616 0.857729
vt 0.642181 0.864275
vt 0.856083 0.912383
vt 0.807732 0.864275
vt 0.807073 0.869873
vt 0.856579 0.918704
vt 0.580071 0.918704
vt 0.461758 0.847658
vt 0.430738 0.749081
vt 0.514037 0.916165
vt 0.511969 0.924281
vt 0.460512 0.854477
vt 0.433554 0.753607
vt 0.431504 0.929291
vt 0.425012 0.943172
vt 0.505957 0.958425
vt 0.309307 0.941476
vt 0.217546 0.880220
vt 0.106267 0.787820
vt 0.734487 0.942033
vt 0.660210 0.946268
vt 0.804708 0.914890
vt 0.807073 0.922746
vt 0.736440 0.950290
vt 0.660164 0.954544
vt 0.471558 0.375370
vt 0.413457 0.488923
vt 0.471558 0.899571
vt 0.413457 0.964924
vt 0.411442 0.961466
vt 0.466981 0.896735
vt 0.466981 0.372013
vt 0.578436 0.900733
vt 0.507368 0.939244
vt 0.638346 0.810970
vt 0.636267 0.849988
vt 0.436824 0.921993
vt 0.436319 0.940201
vt 0.437092 0.945978
vt 0.459551 0.897568
vt 0.584255 0.897568
vt 0.587735 0.902282
vt 0.637064 0.855114
vt 0.641667 0.862012
vt 0.404457 0.634842
vt 0.403548 0.641863
vt 0.421547 0.958349
vt 0.504743 0.970500
vt 0.302873 0.964924
vt 0.437018 0.950959
vt 0.588935 0.907378
vt 0.643362 0.868085
vt 0.586525 0.913136
vt 0.459894 0.907378
vt 0.460512 0.913136
vt 0.552869 0.910586
vt 0.604048 0.858069
vt 0.555681 0.928655
vt 0.608511 0.873357
vt 0.853735 0.830239
vt 0.856905 0.838993
vt 0.883505 0.754495
vt 0.856579 0.846160
vt 0.839103 0.814727
vt 0.845910 0.820788
vt 0.413342 0.616938
vt 0.406788 0.623866
vt 0.431589 0.768610
vt 0.417194 0.757533
vt 0.480891 0.807869
vt 0.373663 0.724283
vt 0.538235 0.739340
vt 0.567119 0.717787
vt 0.578106 0.711497
vt 0.718470 0.666548
vt 0.660670 0.664092
vt 0.477133 0.529154
vt 0.467068 0.644535
vt 0.418893 0.619963
vt 0.449324 0.487761
vt 0.404554 0.944184
vt 0.402206 0.960860
vt 0.432927 0.723044
vt 0.481466 0.749897
vt 0.456754 0.803599
vt 0.888434 0.611375
vt 0.885469 0.616866
vt 0.897165 0.656528
vt 0.494791 0.763998
vt 0.504194 0.726490
vt 0.442949 0.880103
vt 0.445422 0.887984
vt 0.469348 0.816544
vt 0.519283 0.750020
vt 0.142313 0.454823
vt 0.111962 0.480888
vt 0.149692 0.528821
vt 0.185365 0.479766
vt 0.090254 0.521805
vt 0.105561 0.573740
vt 0.093986 0.520669
vt 0.117075 0.480975
vt 0.147536 0.517403
vt 0.102927 0.567560
vt 0.138870 0.449876
vt 0.176472 0.467291
vt 0.255817 0.529997
vt 0.575383 0.347220
vt 0.671403 0.279696
vt 0.524155 0.337485
vt 0.500667 0.435851
vt 0.556699 0.441501
vt 0.572103 0.409835
vt 0.674069 0.301650
vt 0.680607 0.302210
vt 0.705581 0.520515
vt 0.709729 0.594278
vt 0.659510 0.599437
vt 0.738678 0.520669
vt 0.751269 0.567560
vt 0.060846 0.594278
vt 0.603111 0.584742
vt 0.557482 0.573740
vt 0.584403 0.635057
vt 0.065140 0.584742
vt 0.068399 0.635057
vt 0.757918 0.277565
vt 0.720329 0.264823
vt 0.739654 0.306844
vt 0.789911 0.326024
vt 0.760715 0.374756
vt 0.807624 0.433737
vt 0.844700 0.428279
vt 0.605769 0.664140
vt 0.603890 0.710059
vt 0.588517 0.931121
vt 0.585462 0.942929
vt 0.583427 0.951485
vt 0.807072 0.857729
vt 0.736117 0.845768
vt 0.736916 0.851679
vt 0.736440 0.857412
vt 0.037759 0.762706
vt 0.036074 0.771931
vt 0.577756 0.762706
vt 0.576475 0.771931
vt 0.576926 0.778747
vt 0.525769 0.802406
vt 0.528773 0.809747
vt 0.597024 0.842809
vt 0.536323 0.858299
vt 0.595259 0.856535
vt 0.533601 0.872510
vt 0.725931 0.789504
vt 0.733411 0.838836
vt 0.804054 0.849988
vt 0.733411 0.945304
vt 0.736117 0.951076
vt 0.595259 0.907817
vt 0.592265 0.917993
vt 0.735838 0.181887
vt 0.738186 0.174870
vt 0.741184 0.164440
vt 0.161687 0.598236
vt 0.602106 0.598236
vt 0.602106 0.306970
vt 0.617194 0.425153
vt 0.253391 0.507708
vt 0.610944 0.748849
vt 0.616736 0.790143
vt 0.563722 0.758301
vt 0.581717 0.790713
vt 0.743152 0.154932
vt 0.744076 0.147119
vt 0.069822 0.779494
vt 0.735304 0.779494
vt 0.735838 0.790720
vt 0.064629 0.790720
vt 0.056951 0.722337
vt 0.044969 0.749931
vt 0.586001 0.722337
vt 0.581448 0.749931
vt 0.727996 0.699157
vt 0.795306 0.718249
vt 0.727855 0.919235
vt 0.695623 0.959104
vt 0.796996 0.917408
vt 0.741928 0.959733
vt 0.728440 0.714808
vt 0.578747 0.709475
vt 0.564593 0.593935
vt 0.066568 0.682712
vt 0.587252 0.682712
vt 0.757918 0.449876
vt 0.753265 0.480975
vt 0.710571 0.466113
vt 0.720329 0.431920
vt 0.660090 0.425626
vt 0.383726 0.686826
vt 0.605844 0.663131
vt 0.611148 0.656964
vt 0.657897 0.645436
vt 0.660795 0.644741
vt 0.846031 0.729279
vt 0.516449 0.586589
vt 0.487147 0.579698
vt 0.511897 0.555701
vt 0.740092 0.472142
vt 0.705155 0.430296
vt 0.737295 0.446232
vt 0.613713 0.816074
vt 0.576539 0.800264
vt 0.553708 0.764168
vt 0.552562 0.726404
vt 0.558570 0.713426
vt 0.562973 0.707656
vt 0.759185 0.888089
vt 0.645294 0.894858
vt 0.631500 0.894502
vt 0.545764 0.829468
vt 0.511168 0.792244
vt 0.482881 0.727126
vt 0.482895 0.726707
vt 0.521406 0.897546
vt 0.605469 0.664102
vt 0.487152 0.579634
vt 0.518609 0.590833
vt 0.513443 0.554380
vt 0.661387 0.422343
vt 0.333380 0.627832
vt 0.293225 0.563233
vt 0.271588 0.547184
vt 0.842735 0.448604
vt 0.860103 0.476488
vt 0.402150 0.720528
vt 0.743247 0.590429
vt 0.705626 0.588558
vt 0.702560 0.524927
vt 0.737696 0.559036
vt 0.617274 0.432922
vt 0.579738 0.487254
vt 0.584525 0.445420
vt 0.661387 0.500166
vt 0.705155 0.508047
vt 0.740092 0.556788
vt 0.755908 0.611632
vt 0.790712 0.722420
vt 0.791688 0.724283
vt 0.415930 0.779181
vt 0.440206 0.657573
vt 0.433119 0.643979
vt 0.408239 0.767820
vt 0.486126 0.897779
vt 0.476771 0.887245
vt 0.466349 0.862124
vt 0.436924 0.859395
vt 0.648374 0.862596
vt 0.607219 0.861734
vt 0.554890 0.843627
vt 0.545564 0.590429
vt 0.537798 0.559036
vt 0.645628 0.424579
vt 0.544458 0.588326
vt 0.537047 0.559468
vt 0.487693 0.527141
vt 0.479996 0.555657
vt 0.500286 0.682631
vt 0.517050 0.656759
vt 0.544902 0.589730
vt 0.439062 0.816988
vt 0.659627 0.587221
vt 0.659643 0.517928
vt 0.795306 0.895094
vt 0.727996 0.904298
vt 0.663216 0.863227
vt 0.613713 0.587319
vt 0.576539 0.588326
vt 0.581717 0.559468
vt 0.616736 0.525193
vt 0.654442 0.587228
vt 0.561746 0.672802
vt 0.843021 0.667670
vt 0.819027 0.878639
vt 0.605273 0.653086
vn -0.6636 -0.6082 0.4356
vn -0.6802 -0.4417 0.5850
vn -0.8698 0.0757 0.4875
vn -0.9107 -0.0751 0.4062
vn -0.4003 0.2262 0.8880
vn -0.2553 0.7408 0.6213
vn -0.4792 0.6232 0.6180
vn -0.9028 0.2462 0.3526
vn -0.9521 0.1293 0.2769
vn -0.7156 0.3691 0.5929
vn -0.9628 -0.1767 0.2044
vn -0.0679 0.7719 0.6320
vn -0.6139 0.7790 0.1271
vn -0.6596 0.7489 0.0637
vn -0.6815 0.7210 0.1250
vn -0.6383 0.7186 0.2758
vn 0.1528 0.9844 -0.0867
vn -0.0634 0.9971 -0.0425
vn 0.0402 0.8644 -0.5012
vn -0.0561 0.8773 -0.4766
vn 0.9937 -0.1073 0.0332
vn 0.9772 -0.2113 0.0208
vn 0.9742 -0.1475 0.1708
vn 0.9107 -0.3597 0.2027
vn 0.8968 -0.1919 0.3986
vn 0.5868 0.4911 0.6438
vn 0.3825 -0.0623 0.9218
vn 0.5696 -0.7396 0.3584
vn 0.4701 -0.8225 0.3201
vn -0.2020 -0.9269 0.3162
vn -0.1079 -0.8850 0.4529
vn -0.0987 -0.1430 0.9848
vn 0.0400 -0.6672 -0.7438
vn 0.0178 -0.6565 -0.7541
vn 0.0073 -0.7762 -0.6304
vn 0.0151 -0.7924 -0.6097
vn 0.0051 -0.6687 -0.7435
vn 0.0446 -0.7863 -0.6162
vn 0.0941 -0.8640 -0.4946
vn 0.0022 -0.8522 -0.5232
vn -0.0615 -0.8643 -0.4992
vn 0.5703 0.7830 0.2483
vn 0.5875 0.6735 0.4485
vn 0.5820 0.6690 0.4623
vn 0.5635 0.7002 0.4383
vn 0.2975 0.8649 0.4042
vn 0.0298 0.8914 0.4522
vn 0.0370 0.7876 0.6150
vn -0.8963 0.2845 -0.3402
vn -0.9839 0.0015 -0.1784
vn -0.9153 -0.3461 0.2061
vn -0.8801 -0.3623 0.3069
vn -0.9436 -0.2192 0.2480
vn -0.9120 -0.3568 -0.2023
vn -0.8728 -0.4701 -0.1314
vn -0.7593 -0.6491 -0.0459
vn -0.6975 -0.7105 -0.0929
vn 0.9863 -0.1086 0.1238
vn 0.9107 -0.1161 -0.3964
vn 0.9253 -0.0699 -0.3727
vn 0.6233 -0.6989 -0.3506
vn 0.5384 -0.7751 -0.3305
vn 0.2713 -0.4722 -0.8387
vn 0.6435 -0.3052 -0.7020
vn 0.9146 -0.0141 -0.4040
vn -0.4994 -0.3195 -0.8053
vn -0.8272 -0.2795 -0.4873
vn -0.9300 -0.3219 -0.1773
vn -0.7730 -0.5123 0.3742
vn -0.5421 -0.5105 0.6674
vn -0.2270 -0.5478 0.8052
vn -0.0641 -0.5625 0.8243
vn 0.0754 -0.5928 0.8018
vn -0.0056 -0.9982 0.0597
vn -0.0869 -0.9927 -0.0832
vn -0.1404 -0.2504 -0.9579
vn 0.0685 -0.4379 -0.8964
vn -0.0530 0.9984 -0.0204
vn -0.6053 0.7616 -0.2314
vn -0.7052 0.7089 0.0153
vn -0.1959 -0.9033 -0.3815
vn -0.9403 -0.3306 -0.0811
vn -0.7323 -0.5798 -0.3572
vn -0.4312 -0.8869 -0.1657
vn -0.4035 -0.7680 -0.4972
vn 0.0447 0.2014 -0.9785
vn -0.1456 -0.9851 -0.0912
vn -0.0533 -0.9970 -0.0558
vn 0.0790 -0.9860 -0.1466
vn 0.2944 -0.9361 -0.1925
vn 0.1590 -0.9863 0.0430
vn 0.6072 -0.4186 0.6753
vn 0.5214 -0.0309 0.8527
vn -0.0652 -0.1857 0.9804
vn -0.0579 -0.6578 0.7510
vn -0.6199 -0.1216 0.7751
vn -0.6276 -0.4989 0.5977
vn 0.8756 0.0378 0.4816
vn 0.8202 -0.5604 -0.1152
vn -0.9413 -0.1449 0.3049
vn -0.6791 -0.6935 -0.2403
vn -0.1909 -0.8757 -0.4435
vn 0.0555 -0.7470 -0.6625
vn -0.2589 -0.9448 -0.2009
vn 0.1802 0.4086 -0.8947
vn -0.0287 0.4598 -0.8875
vn -0.1383 -0.0150 -0.9903
vn 0.0426 -0.7512 -0.6587
vn 0.2375 -0.0619 -0.9694
vn -0.3136 0.2498 -0.9161
vn -0.5621 0.1880 -0.8054
vn 0.2986 -0.8549 -0.4242
vn 0.3366 -0.9325 -0.1308
vn 0.0253 -0.9873 -0.1565
vn -0.7580 -0.6147 -0.2179
vn -0.9557 -0.1104 0.2727
vn -0.9608 -0.1971 0.1948
vn -0.7321 0.4688 0.4942
vn -0.8247 0.4027 0.3970
vn -0.8821 -0.0507 0.4682
vn -0.9487 -0.0632 0.3098
vn -0.9522 -0.0678 0.2977
vn -0.9179 -0.3366 0.2099
vn -0.7908 -0.6048 -0.0932
vn -0.9391 -0.2037 -0.2767
vn -0.5806 0.1628 -0.7978
vn -0.6571 -0.6910 -0.3012
vn -0.9228 0.1401 -0.3587
vn -0.6103 0.1997 -0.7665
vn -0.3006 0.2278 -0.9261
vn -0.3482 0.1134 -0.9305
vn -0.3782 -0.3829 -0.8428
vn 0.9728 -0.1642 0.1634
vn 0.9785 -0.0882 0.1863
vn 0.9277 -0.0948 0.3611
vn 0.9547 -0.0424 0.2943
vn 0.8288 -0.0924 0.5518
vn 0.8855 -0.0674 0.4597
vn 0.0000 -0.9268 0.3756
vn 0.0215 -0.5960 0.8027
vn -0.2639 -0.6026 0.7531
vn -0.2588 -0.9427 0.2103
vn 0.0289 -0.3942 0.9185
vn -0.3003 -0.3167 0.8997
vn -0.5909 -0.1803 0.7863
vn -0.6413 -0.4162 0.6446
vn -0.6179 -0.7483 0.2414
vn -0.9239 0.2201 -0.3129
vn -0.7064 0.1693 -0.6873
vn -0.9521 0.0756 -0.2963
vn -0.7895 0.1269 -0.6004
vn -0.4678 0.0938 -0.8788
vn -0.4487 0.1488 -0.8812
vn -0.8760 0.3797 -0.2974
vn -0.9006 0.4299 -0.0636
vn -0.9290 0.3679 -0.0385
vn -0.8627 0.4549 -0.2208
vn -0.8386 0.5300 -0.1253
vn -0.8990 0.4001 -0.1781
vn -0.6424 0.6370 0.4260
vn -0.6399 0.6166 0.4587
vn -0.6188 0.6483 0.4436
vn -0.8087 0.5811 -0.0908
vn 0.9128 -0.2295 0.3378
vn 0.8385 -0.1861 0.5120
vn 0.9487 -0.2816 0.1436
vn 0.9318 -0.3391 0.1295
vn 0.8837 -0.3732 0.2825
vn 0.8148 -0.3972 0.4224
vn -0.9412 -0.2013 0.2714
vn -0.9438 -0.2216 0.2449
vn -0.8866 -0.1518 0.4369
vn -0.8698 -0.2744 0.4100
vn -0.8984 -0.3808 0.2189
vn -0.8564 -0.4969 0.1401
vn -0.0611 -0.1406 0.9882
vn 0.5566 -0.1547 0.8162
vn 0.6081 -0.2182 0.7633
vn -0.0557 -0.2716 0.9608
vn 0.6265 -0.4545 0.6331
vn -0.0230 -0.5043 0.8632
vn -0.0600 -0.7618 -0.6450
vn -0.0067 -0.0503 -0.9987
vn 0.0505 -0.0641 -0.9966
vn 0.0818 -0.7551 -0.6504
vn 0.0828 -0.5035 -0.8600
vn 0.0988 0.0244 -0.9948
vn 0.4652 -0.0289 -0.8847
vn 0.3221 -0.0922 -0.9422
vn 0.3787 -0.3348 -0.8628
vn 0.0409 -0.2502 -0.9673
vn -0.1153 0.0022 -0.9933
vn -0.0867 0.2073 -0.9744
vn -0.1425 0.1428 -0.9794
vn -0.0351 0.1797 -0.9831
vn 0.9236 -0.0718 -0.3766
vn 0.9219 -0.0015 -0.3874
vn 0.7629 0.0122 -0.6463
vn 0.8352 -0.0831 -0.5436
vn 0.9142 -0.0567 -0.4013
vn 0.7056 0.0269 -0.7081
vn 0.5506 0.0648 -0.8323
vn 0.5419 0.0270 -0.8400
vn 0.8815 -0.2390 -0.4072
vn 0.6407 0.0237 -0.7674
vn 0.8649 -0.2735 -0.4209
vn 0.6482 -0.6664 -0.3684
vn -0.2277 -0.9675 0.1102
vn -0.1655 -0.7008 -0.6938
vn -0.0331 -0.9326 0.3593
vn 0.1046 0.1767 0.9787
vn 0.1217 0.3131 0.9419
vn 0.0398 0.9733 0.2261
vn -0.1382 0.9623 0.2342
vn 0.0202 0.9228 0.3846
vn 0.6035 0.2737 0.7489
vn 0.3875 0.9084 0.1571
vn 0.9452 0.2965 0.1366
vn 0.8690 0.2220 0.4420
vn 0.8572 0.2385 0.4563
vn 0.8913 0.3735 0.2568
vn 0.5736 0.2161 0.7901
vn 0.4894 0.8157 0.3083
vn 0.6943 0.7179 0.0499
vn 0.6087 0.7854 0.1126
vn 0.5276 -0.7393 0.4183
vn -0.0196 -0.6918 0.7218
vn 0.7115 -0.6759 0.1921
vn 0.6962 -0.6935 0.1852
vn 0.5400 -0.6428 0.5432
vn -0.0124 -0.5371 0.8434
vn -0.0483 0.5211 -0.8521
vn 0.5909 0.4710 -0.6550
vn 0.6623 0.2921 -0.6899
vn -0.0290 0.4427 -0.8962
vn 0.9009 0.2857 -0.3265
vn 0.8659 0.1306 -0.4829
vn 0.8070 0.5620 -0.1814
vn 0.6134 0.7002 -0.3653
vn -0.0003 0.8885 -0.4589
vn 0.0481 0.9986 0.0226
vn 0.3148 0.9479 0.0482
vn 0.1110 0.9736 0.1995
vn 0.0067 0.9999 0.0065
vn 0.3373 0.9010 0.2727
vn 0.0731 0.9055 0.4180
vn -0.4198 0.6754 0.6063
vn -0.2956 0.7671 0.5693
vn -0.0500 0.8257 0.5618
vn 0.8232 -0.5473 0.1507
vn 0.9236 -0.3705 0.0987
vn 0.9312 -0.3546 0.0842
vn 0.8057 -0.5814 0.1130
vn -0.8961 0.4286 -0.1148
vn -0.9189 0.3673 -0.1440
vn -0.8507 0.4215 -0.3139
vn -0.6456 0.7636 0.0035
vn -0.6185 0.7758 0.1245
vn -0.6032 0.7974 -0.0186
vn 0.0009 0.7932 -0.6089
vn -0.3646 0.8002 -0.4761
vn -0.3557 0.9343 0.0211
vn 0.0040 0.9992 -0.0384
vn -0.7207 0.6438 0.2571
vn -0.4888 0.4876 0.7234
vn -0.2459 0.6176 0.7470
vn 0.0059 0.6453 0.7639
vn 0.8622 0.5030 -0.0587
vn 0.9113 0.3596 -0.2007
vn 0.6576 0.7345 0.1670
vn 0.5437 0.8326 -0.1054
vn 0.6704 0.7183 -0.1859
vn 0.8436 0.5261 -0.1072
vn 0.9213 0.3746 -0.1043
vn 0.6057 0.7804 0.1553
vn -0.9488 0.2008 0.2437
vn -0.8967 0.0227 0.4419
vn -0.4225 0.8373 0.3469
vn -0.6320 -0.0374 0.7740
vn -0.5311 0.7025 0.4737
vn -0.6228 0.4475 -0.6418
vn -0.5475 0.6494 -0.5277
vn -0.0369 0.7398 -0.6717
vn -0.4671 0.8596 -0.2069
vn -0.0142 0.9442 -0.3291
vn 0.9327 0.3248 -0.1567
vn 0.9339 0.3560 -0.0331
vn 0.8712 0.4482 -0.2003
vn 0.8050 0.5876 -0.0822
vn 0.3417 0.8895 -0.3035
vn 0.0768 0.9916 -0.1037
vn 0.2469 0.9532 -0.1745
vn 0.2574 0.9567 -0.1359
vn 0.3420 0.8903 -0.3008
vn -0.1520 0.9701 -0.1893
vn 0.7936 0.6038 -0.0750
vn 0.2358 0.8720 0.4290
vn 0.4527 0.8655 0.2140
vn 0.5631 0.8257 -0.0327
vn -0.0015 0.9576 0.2880
vn -0.1165 0.9382 0.3259
vn 0.0760 0.8638 0.4981
vn -0.0344 0.9337 0.3562
vn 0.1301 0.9796 0.1527
vn -0.2427 0.9027 0.3553
vn 0.0896 0.8391 0.5365
vn 0.2125 0.8731 0.4386
vn 0.1524 0.9709 0.1846
vn 0.3826 0.9239 0.0074
vn 0.0298 0.9969 0.0721
vn -0.0077 0.7964 0.6047
vn -0.1805 0.8169 0.5477
vn -0.0969 0.9951 0.0199
vn -0.0081 0.9958 0.0912
vn -0.5203 0.7958 0.3099
vn -0.2285 0.9446 -0.2357
vn -0.1975 0.9496 -0.2433
vn -0.0765 0.9967 -0.0277
vn -0.0085 0.9994 0.0344
vn -0.6147 0.7732 0.1561
vn -0.5631 0.8095 0.1660
vn 0.0982 0.9926 0.0703
vn 0.0356 0.9901 -0.1361
vn -0.0599 0.9971 0.0469
vn 0.0741 0.9862 -0.1482
vn 0.4517 0.7275 0.5165
vn 0.2504 0.9411 0.2273
vn 0.1393 0.8224 0.5516
vn 0.5086 0.5907 0.6264
vn 0.7345 0.4256 0.5285
vn 0.8185 0.5298 0.2220
vn -0.1707 -0.3845 -0.9072
vn -0.0078 -0.3580 -0.9337
vn -0.5733 -0.3132 -0.7571
vn -0.5547 -0.4847 -0.6762
vn -0.1766 -0.6224 -0.7625
vn 0.0003 -0.6403 -0.7681
vn -0.0059 0.0621 0.9980
vn -0.1368 0.1586 0.9778
vn 0.0040 0.2175 0.9760
vn -0.5773 0.1093 0.8092
vn 0.9126 0.2195 -0.3450
vn 0.8727 0.3979 -0.2829
vn 0.1016 0.9945 0.0236
vn 0.3622 0.8799 -0.3075
vn 0.9165 0.3182 -0.2421
vn 0.6639 0.5513 -0.5052
vn -0.8955 0.4446 0.0161
vn -0.9433 0.3139 0.1075
vn -0.9164 0.1657 0.3641
vn 0.5701 0.0050 0.8215
vn -0.0535 0.1196 0.9914
vn 0.8216 -0.2145 0.5282
vn 0.2573 0.8014 0.5398
vn 0.9086 -0.2696 0.3191
vn 0.9786 -0.1559 0.1339
vn -0.1550 -0.0066 -0.9879
vn 0.0050 -0.0549 -0.9985
vn -0.4904 0.0879 -0.8670
vn -0.1468 0.7757 -0.6137
vn -0.0174 0.7657 -0.6429
vn 0.0046 0.7338 -0.6793
vn -0.9379 -0.1838 -0.2941
vn -0.8780 -0.4564 -0.1442
vn -0.8707 -0.4639 -0.1634
vn -0.9314 -0.2429 -0.2709
vn -0.7881 -0.6092 0.0879
vn -0.8870 -0.4256 0.1791
vn -0.9586 0.0977 0.2673
vn -0.8949 -0.4014 -0.1948
vn -0.4908 0.3947 -0.7768
vn -0.8161 -0.5673 0.1099
vn -0.8980 -0.1713 0.4052
vn -0.8151 -0.5038 0.2859
vn -0.8387 0.0126 0.5445
vn -0.6486 0.4289 0.6287
vn 0.9239 -0.0609 -0.3777
vn 0.8859 -0.2256 -0.4053
vn 0.8114 0.1280 -0.5703
vn 0.9239 -0.0379 -0.3807
vn 0.5914 -0.4649 -0.6588
vn 0.5321 0.0743 -0.8434
vn 0.2108 0.7254 -0.6552
vn 0.4894 0.6665 -0.5624
vn 0.4865 0.8455 -0.2198
vn -0.4256 0.6464 -0.6332
vn 0.2226 0.9567 -0.1873
vn -0.5104 0.6754 -0.5322
vn -0.9682 -0.2438 -0.0564
vn -0.8881 -0.4506 -0.0903
vn -0.9407 -0.1461 -0.3060
vn -0.7880 -0.6087 0.0925
vn -0.8292 -0.5455 0.1219
vn -0.8209 -0.5030 0.2703
vn -0.0501 0.9806 -0.1897
vn -0.0027 0.9898 -0.1421
vn -0.1795 0.9420 -0.2835
vn 0.0483 0.7399 -0.6710
vn -0.1516 0.8053 0.5732
vn -0.4014 0.8518 0.3365
vn 0.9008 -0.2295 -0.3687
vn 0.9176 -0.0906 -0.3870
vn 0.6180 -0.3845 -0.6857
vn 0.9644 -0.2241 -0.1405
vn 0.9686 -0.1826 -0.1686
vn 0.9664 -0.1405 -0.2149
vn -0.9019 -0.1057 -0.4189
vn -0.8778 -0.2375 -0.4160
vn -0.2100 0.9774 -0.0205
vn -0.8311 0.5554 -0.0280
vn 0.9707 -0.0931 -0.2214
vn -0.8268 0.0933 -0.5546
vn -0.8819 0.1454 0.4484
vn -0.6828 0.7302 -0.0245
vn -0.0703 0.9102 -0.4082
vn -0.0340 0.9149 -0.4023
vn -0.1409 0.9062 -0.3985
vn 0.4926 0.8701 0.0152
vn -0.0657 0.9974 0.0296
vn 0.5893 0.8073 -0.0301
vn 0.4960 0.8660 -0.0635
vn -0.3195 0.8999 -0.2969
vn 0.0032 0.9619 -0.2734
vn 0.8504 0.5255 0.0256
vn 0.9817 -0.1783 -0.0670
vn 0.9703 -0.1872 -0.1531
vn 0.9978 -0.0596 -0.0297
vn 0.8938 -0.4454 -0.0520
vn 0.9351 -0.1231 -0.3322
vn 0.9839 -0.0557 -0.1695
vn 0.9848 -0.1527 -0.0825
vn -0.9962 0.0453 0.0733
vn -0.9907 -0.0138 0.1351
vn -0.9361 -0.3379 0.0975
vn -0.8950 -0.1329 0.4257
vn -0.7471 -0.6631 -0.0454
vn -0.7698 -0.0311 0.6375
vn 0.5811 -0.2518 0.7739
vn 0.6036 -0.3730 0.7046
vn 0.8120 -0.1623 0.5606
vn 0.7306 -0.1045 0.6748
vn 0.5811 -0.6814 0.4448
vn 0.7036 -0.6968 0.1392
vn 0.7753 -0.6214 -0.1134
vn -0.1105 -0.8979 -0.4259
vn 0.0152 -0.9443 -0.3286
vn -0.9579 0.2615 -0.1184
vn -0.2270 -0.6657 -0.7108
vn 0.5585 0.8186 0.1338
vn -0.2128 -0.5055 -0.8361
vn 0.3421 -0.3591 0.8683
vn 0.4752 -0.2029 0.8561
vn -0.0089 -0.2316 0.9727
vn -0.4604 -0.1516 0.8747
vn -0.6400 -0.0991 0.7619
vn 0.2576 -0.8824 0.3938
vn 0.1463 -0.9566 -0.2519
vn 0.7935 -0.6058 0.0577
vn 0.9415 -0.0206 0.3364
vn 0.2763 0.9353 -0.2211
vn 0.3975 0.7607 -0.5131
vn 0.0901 0.9958 0.0126
vn 0.0824 0.9905 -0.1095
vn 0.1755 -0.5716 -0.8015
vn 0.1634 0.0125 -0.9864
vn -0.6001 -0.4926 0.6303
vn -0.5967 0.0838 0.7981
vn 0.1652 0.2132 0.9629
vn 0.1732 0.8273 0.5344
vn 0.1435 0.1907 -0.9711
vn 0.1742 -0.3386 -0.9246
vn 0.0926 0.9957 0.0075
vn -0.5163 0.7985 -0.3093
vn -0.1961 0.9600 0.1997
vn -0.0505 0.9410 0.3345
vn 0.5361 0.6705 -0.5127
vn 0.4568 0.8684 -0.1929
vn 0.3748 0.9271 -0.0038
vn 0.2619 0.6220 0.7379
vn 0.7633 0.6195 0.1834
vn 0.5124 0.4936 0.7027
vn -0.1304 0.9743 0.1834
vn -0.6383 0.3722 -0.6738
vn -0.6173 -0.3882 0.6843
vn -0.5909 -0.5692 0.5716
vn 0.0592 0.8445 0.5323
vn 0.2718 -0.9597 0.0720
vn 0.1592 0.1700 -0.9725
vn -0.1139 0.0256 -0.9931
vn -0.6381 -0.1883 0.7465
vn 0.2879 -0.5348 0.7944
vn 0.4739 0.3088 -0.8246
vn 0.8437 -0.4752 0.2497
vn 0.8975 -0.3015 -0.3218
vn -0.3492 0.8437 0.4076
vn 0.2655 -0.5495 0.7922
vn 0.5896 -0.5032 0.6317
vn 0.7847 -0.3233 -0.5288
vn 0.5669 -0.2599 -0.7816
vn 0.6018 0.1292 -0.7881
vn -0.0496 0.9084 0.4150
vn 0.9617 -0.0860 0.2601
vn 0.9544 -0.0917 0.2841
vn 0.8817 -0.4515 -0.1372
vn 0.8932 -0.3171 -0.3189
usemtl Material.003
s 1
f 11/1/1 20/2/2 53/3/3 44/4/4
f 20/5/2 2/6/5 21/7/6 53/8/3
f 53/3/3 21/9/6 4/10/7 38/11/8
f 44/4/4 53/3/3 38/11/8 12/12/9
f 4/13/7 480/14/10 478/15/11
f 23/16/12 470/17/13 469/18/14 468/19/15 464/20/16 34/21/17 54/22/18
f 54/22/18 34/21/17 10/23/19 32/24/20
f 13/25/21 463/26/22 466/27/23 55/28/24 43/29/25
f 55/28/24 26/30/26 6/31/27 39/32/28
f 43/33/25 55/34/24 39/35/28 14/36/29
f 14/36/29 39/35/28 56/37/30 42/38/31
f 39/35/28 6/39/27 29/40/32 56/37/30
f 56/41/30 29/42/32 2/6/5 20/5/2
f 42/38/31 56/37/30 20/43/2 11/44/1
f 3/45/33 46/46/34 57/47/35 45/48/36
f 46/46/34 7/49/37 47/50/38 57/47/35
f 57/51/35 47/52/38 5/53/39 48/54/40
f 45/55/36 57/51/35 48/54/40 1/56/41
f 23/57/12 479/58/42 498/59/43 499/60/44 504/61/45 502/62/46 494/63/47
f 58/64/48 21/65/6 2/66/5 29/40/32
f 26/67/26 58/64/48 29/40/32 6/39/27
f 12/12/9 38/11/8 59/68/49 41/69/50
f 38/11/8 4/10/7 478/70/11 485/71/51 484/72/52 450/73/53 59/68/49
f 59/74/49 450/75/53 430/76/54
f 41/69/50 59/68/49 430/77/54 434/78/55 433/79/56 432/80/57
f 13/25/21 24/81/58 60/82/59 40/83/60
f 24/81/58 17/84/61 36/85/62 60/82/59
f 60/82/59 36/85/62 9/86/63 33/87/64
f 60/82/59 437/88/65 40/83/60
f 17/89/61 454/90/66 455/91/67 453/92/68 452/93/69 441/94/70 442/95/71 444/96/72 443/97/73 61/98/74 36/99/62
f 61/98/74 35/100/75 8/101/76 31/102/77
f 36/99/62 61/98/74 31/102/77 9/103/63
f 34/21/17 451/104/78 440/105/79 419/106/80 10/23/19
f 15/107/81 22/108/82 62/109/83 35/100/75
f 22/110/82 12/12/9 41/69/50 62/111/83
f 62/111/83 41/69/50 432/80/57 431/112/84 30/113/85
f 35/100/75 62/109/83 30/114/85 8/101/76
f 8/101/76 30/114/85 63/115/86 31/102/77
f 30/116/85 431/117/84 435/118/87 429/119/88 428/120/89 63/121/86
f 63/121/86 428/120/89 427/122/90 426/123/91 33/124/64
f 31/125/77 63/121/86 33/124/64 9/126/63
f 18/127/92 27/128/93 64/129/94 28/130/95
f 27/128/93 14/131/29 42/132/31 64/129/94
f 64/129/94 42/132/31 11/133/1 37/134/96
f 28/130/95 64/129/94 37/134/96 16/135/97
f 17/84/61 24/81/58 65/136/98 25/137/99
f 24/81/58 13/25/21 43/29/25 65/136/98
f 65/136/98 43/29/25 14/138/29 27/139/93
f 25/140/99 65/141/98 27/128/93 18/127/92
f 16/142/97 37/143/96 66/144/100 19/145/101
f 37/143/96 11/1/1 44/4/4 66/144/100
f 66/144/100 44/4/4 12/12/9 22/110/82
f 19/145/101 66/144/100 22/110/82 15/146/81
f 3/45/33 45/48/36 67/147/102 49/148/103
f 45/55/36 1/56/41 50/149/104 67/150/102
f 67/150/102 50/149/104 16/151/97 19/152/101
f 49/153/103 67/150/102 19/152/101 15/107/81
f 7/49/37 46/46/34 475/154/105 474/155/106 473/156/107 51/157/108
f 46/46/34 3/45/33 49/148/103 482/158/109 475/154/105
f 51/159/108 473/160/107 472/161/110 471/162/111 454/90/66 17/89/61
f 5/53/39 47/52/38 68/163/112 52/164/113
f 47/50/38 7/49/37 51/157/108 68/165/112
f 68/163/112 51/159/108 17/89/61 25/166/99
f 52/164/113 68/163/112 25/166/99 18/167/92
f 1/56/41 48/54/40 69/168/114 50/149/104
f 48/54/40 5/53/39 52/164/113 69/168/114
f 69/168/114 52/164/113 18/167/92 28/169/95
f 50/149/104 69/168/114 28/169/95 16/151/97
f 136/170/115 160/171/116 332/172/117 501/173/118 500/174/119
f 160/171/116 137/175/120 161/176/121 332/172/117
f 332/172/117 161/176/121 72/177/122 162/178/123
f 122/179/124 283/180/125 333/181/126 255/182/127
f 283/183/125 121/184/128 254/185/129 333/186/126
f 333/186/126 254/185/129 80/187/130 175/188/131
f 255/189/127 333/186/126 175/188/131 81/190/132
f 164/191/133 75/192/134 165/193/135 334/194/136
f 334/194/136 165/193/135 138/195/137 166/196/138
f 158/197/139 331/198/140 335/199/141 310/200/142
f 331/201/140 159/202/143 287/203/144 335/204/141
f 335/204/141 287/203/144 71/205/145 284/206/146
f 310/200/142 335/199/141 284/207/146 70/208/147
f 121/209/128 282/210/148 336/211/149 254/212/129
f 282/210/148 120/213/150 163/214/151 336/211/149
f 336/215/149 163/216/151 87/217/152 180/218/153
f 254/185/129 336/215/149 180/218/153 80/187/130
f 79/219/154 188/220/155 337/221/156 202/222/157
f 188/220/155 89/223/158 201/224/159 337/221/156
f 337/221/156 201/224/159 488/225/160 490/226/161
f 202/222/157 337/221/156 490/226/161 491/227/162 94/228/163
f 138/195/137 165/193/135 338/229/164 173/230/165
f 165/193/135 75/192/134 172/231/166 338/229/164
f 338/229/164 172/231/166 78/232/167 169/233/168
f 173/230/165 338/229/164 169/233/168 90/234/169
f 72/177/122 161/176/121 339/235/170 171/236/171
f 161/176/121 137/175/120 174/237/172 339/235/170
f 339/235/170 174/237/172 88/238/173 168/239/174
f 171/236/171 339/235/170 168/239/174 86/240/175
f 140/241/176 292/242/177 340/243/178 330/244/179
f 292/245/177 138/195/137 173/230/165 340/246/178
f 340/246/178 173/230/165 90/234/169 293/247/180
f 330/244/179 340/243/178 293/248/180 141/249/181
f 142/250/182 329/251/183 341/252/184 294/253/185
f 329/251/183 143/254/186 177/255/187 341/252/184
f 341/252/184 177/255/187 83/256/188 178/257/189
f 294/253/185 341/252/184 178/257/189 82/258/190
f 143/259/186 295/260/191 342/261/192 328/262/193
f 295/263/191 80/187/130 180/218/153 342/264/192
f 342/264/192 180/218/153 87/217/152 296/265/194
f 328/266/193 342/264/192 296/265/194 144/267/195
f 124/268/196 281/269/197 343/270/198 257/271/199
f 281/269/197 123/272/200 183/273/201 343/270/198
f 343/274/198 183/275/201 83/256/188 181/276/202
f 257/277/199 343/274/198 181/276/202 91/278/203
f 123/272/200 280/279/204 344/280/205 183/273/201
f 280/279/204 125/281/206 185/282/207 344/280/205
f 344/283/205 185/284/207 82/258/190 178/257/189
f 183/275/201 344/283/205 178/257/189 83/256/188
f 345/285/208 255/286/127 81/287/132 176/288/209
f 327/289/210 345/285/208 176/288/209 142/290/182
f 146/291/211 298/292/212 423/293/213 421/294/214 422/295/215
f 298/292/212 84/296/216 425/297/217 423/293/213
f 126/298/218 186/299/219 346/300/220 279/301/221
f 186/299/219 84/302/216 225/303/222 346/300/220
f 346/300/220 225/303/222 103/304/223 211/305/224
f 279/301/221 346/300/220 211/305/224 130/306/225
f 141/249/181 293/248/180 347/307/226 326/308/227
f 293/247/180 90/234/169 247/309/228 347/310/226
f 347/311/226 247/312/228 112/313/229 305/314/230
f 326/315/227 347/311/226 305/314/230 153/316/231
f 145/317/232 189/318/233 348/319/234 325/320/235
f 189/321/233 76/322/236 223/323/237 348/324/234
f 348/324/234 223/323/237 104/325/238 214/326/239
f 325/320/235 348/319/234 214/327/239 151/328/240
f 149/329/241 208/330/242 349/331/243 324/332/244
f 208/330/242 98/333/245 248/334/246 349/331/243
f 349/331/243 248/334/246 119/335/247 242/336/248
f 324/332/244 349/331/243 242/336/248 155/337/249
f 90/234/169 169/233/168 350/338/250 247/309/228
f 169/233/168 78/232/167 192/339/251 350/338/250
f 350/338/250 192/339/251 111/340/252 231/341/253
f 247/312/228 350/342/250 231/343/253 112/313/229
f 89/223/158 188/220/155 351/344/254 196/345/255
f 188/220/155 79/219/154 197/346/256 351/344/254
f 351/344/254 197/346/256 106/347/257 213/348/258
f 196/345/255 351/344/254 213/348/258 105/349/259
f 157/350/260 309/351/261 352/352/262 323/353/263
f 309/351/261 455/91/67 453/92/68 260/354/264 352/352/262
f 352/352/262 260/354/264 95/355/265 200/356/266
f 323/353/263 352/352/262 200/356/266 148/357/267
f 126/298/218 258/358/268 353/359/269 476/360/270 449/361/271 448/362/272
f 258/358/268 77/363/273 203/364/274 353/359/269
f 353/359/269 203/364/274 498/365/43 479/366/42 477/367/275
f 127/368/276 259/369/277 440/370/79 451/371/78 465/372/278
f 259/369/277 85/373/279 418/374/280 419/375/80 440/370/79
f 145/317/232 297/376/281 354/377/282 322/378/283
f 297/379/281 79/219/154 202/222/157 354/380/282
f 354/380/282 202/222/157 94/228/163 299/381/284
f 322/382/283 354/383/282 299/384/284 147/385/285
f 77/363/273 187/386/286 355/387/287 203/364/274
f 187/386/286 76/322/236 204/388/288 355/387/287
f 355/387/287 204/388/288 93/389/289 504/390/45 499/391/44
f 203/364/274 355/387/287 499/391/44 498/365/43
f 130/392/225 211/393/224 356/394/290 277/395/291
f 211/393/224 103/396/223 218/397/292 356/394/290
f 356/394/290 218/397/292 97/398/293 205/399/294
f 277/395/291 356/394/290 205/399/294 128/400/295
f 104/401/238 212/402/296 357/403/297 219/404/298
f 212/402/296 102/405/299 217/406/300 357/403/297
f 357/403/297 217/406/300 96/407/301 206/408/302
f 219/404/298 357/403/297 206/408/302 98/333/245
f 105/409/259 213/410/258 358/411/303 220/412/304
f 213/410/258 106/413/257 221/414/305 358/411/303
f 358/411/303 221/414/305 100/415/306 207/416/307
f 220/412/304 358/411/303 207/416/307 99/417/308
f 151/418/240 214/419/239 359/420/309 321/421/310
f 214/419/239 104/401/238 219/404/298 359/420/309
f 359/420/309 219/404/298 98/333/245 208/330/242
f 321/421/310 359/420/309 208/330/242 149/329/241
f 152/422/311 215/423/312 360/424/313 320/425/314
f 215/423/312 107/426/315 222/427/316 360/424/313
f 360/424/313 222/427/316 101/428/317 209/429/318
f 320/425/314 360/424/313 209/429/318 150/430/319
f 131/431/320 216/432/321 361/433/322 276/434/323
f 216/432/321 105/409/259 220/412/304 361/433/322
f 361/433/322 220/412/304 99/417/308 210/435/324
f 276/434/323 361/433/322 210/435/324 129/436/325
f 99/417/308 207/416/307 362/437/326 227/438/327
f 207/439/307 100/440/306 193/441/328 362/442/326
f 362/437/326 193/443/328 114/444/329 241/445/330
f 227/438/327 362/437/326 241/445/330 115/446/331
f 144/267/195 296/265/194 363/447/332 319/448/333
f 296/265/194 87/217/152 195/449/334 363/447/332
f 363/450/332 195/451/334 109/452/335 306/453/336
f 319/454/333 363/450/332 306/453/336 154/455/337
f 146/291/211 190/456/338 364/457/339 318/458/340
f 190/456/338 85/459/279 228/460/341 364/457/339
f 364/457/339 228/460/341 107/461/315 215/462/312
f 318/458/340 364/457/339 215/462/312 152/463/311
f 76/322/236 187/386/286 365/464/342 223/323/237
f 187/386/286 77/363/273 226/465/343 365/464/342
f 365/464/342 226/465/343 102/466/299 212/467/296
f 223/323/237 365/464/342 212/467/296 104/325/238
f 129/436/325 210/435/324 366/468/344 275/469/345
f 210/435/324 99/417/308 227/438/327 366/468/344
f 366/468/344 227/438/327 115/446/331 244/470/346
f 275/471/345 366/472/344 244/473/346 135/474/347
f 127/368/276 191/475/348 367/476/349 274/477/350
f 191/475/348 89/223/158 196/345/255 367/476/349
f 367/476/349 196/345/255 105/349/259 216/478/321
f 274/477/350 367/476/349 216/478/321 131/479/320
f 153/480/231 305/481/230 368/482/351 317/483/352
f 305/484/230 112/485/229 235/486/353 368/487/351
f 368/482/351 235/488/353 114/489/329 307/490/354
f 317/483/352 368/482/351 307/490/354 155/491/249
f 112/485/229 231/341/253 369/492/355 235/486/353
f 231/341/253 111/340/252 236/493/356 369/492/355
f 369/492/355 236/493/356 115/494/331 241/495/330
f 235/486/353 369/492/355 241/495/330 114/496/329
f 154/497/337 306/498/336 370/499/357 316/500/358
f 306/498/336 109/501/335 238/502/359 370/499/357
f 370/499/357 238/502/359 117/503/360 308/504/361
f 316/500/358 370/499/357 308/504/361 156/505/362
f 132/506/363 265/507/364 371/508/365 273/509/366
f 265/507/364 108/510/367 246/511/368 371/508/365
f 371/508/365 246/511/368 118/512/369 267/513/370
f 273/509/366 371/508/365 267/513/370 134/514/371
f 108/510/367 230/515/372 372/516/373 246/511/368
f 230/515/372 110/517/374 245/518/375 372/516/373
f 372/516/373 245/518/375 119/519/247 240/520/376
f 246/511/368 372/516/373 240/520/376 118/512/369
f 133/521/377 266/522/378 373/523/379 272/524/380
f 266/522/378 113/525/381 237/526/382 373/523/379
f 373/527/379 237/528/382 116/529/383 268/530/384
f 272/524/380 373/523/379 268/531/384 135/474/347
f 128/400/295 205/399/294 374/532/385 271/533/386
f 205/399/294 97/398/293 250/534/387 374/532/385
f 374/532/385 250/534/387 117/535/360 239/536/388
f 271/533/386 374/532/385 239/536/388 134/537/371
f 120/213/150 253/538/389 375/539/390 270/540/391
f 253/538/389 86/240/175 252/541/392 375/539/390
f 375/539/390 252/541/392 108/510/367 265/507/364
f 270/540/391 375/539/390 265/507/364 132/506/363
f 86/240/175 168/239/174 376/542/393 252/541/392
f 168/239/174 88/238/173 249/543/394 376/542/393
f 376/542/393 249/543/394 110/517/374 230/515/372
f 252/541/392 376/542/393 230/515/372 108/510/367
f 150/430/319 209/429/318 377/544/395 315/545/396
f 209/429/318 101/428/317 224/546/397 377/544/395
f 377/544/395 224/546/397 116/547/383 243/548/398
f 315/545/396 377/544/395 243/548/398 156/549/362
f 98/333/245 206/408/302 378/550/399 248/334/246
f 206/408/302 96/407/301 251/551/400 378/550/399
f 378/552/399 251/553/400 118/554/369 240/555/376
f 248/334/246 378/550/399 240/556/376 119/335/247
f 124/268/196 257/271/199 379/557/401 269/558/402
f 257/271/199 91/559/203 194/560/403 379/557/401
f 379/557/401 194/560/403 113/525/381 266/522/378
f 269/558/402 379/557/401 266/522/378 133/521/377
f 78/232/167 184/561/404 380/562/405 192/339/251
f 184/561/404 124/268/196 269/558/402 380/562/405
f 380/562/405 269/558/402 133/521/377 234/563/406
f 192/339/251 380/562/405 234/563/406 111/340/252
f 87/217/152 163/216/151 381/564/407 195/449/334
f 163/214/151 120/213/150 270/540/391 381/565/407
f 381/565/407 270/540/391 132/506/363 229/566/408
f 195/567/334 381/565/407 229/566/408 109/568/335
f 96/407/301 261/569/409 382/570/410 251/551/400
f 261/569/409 128/400/295 271/533/386 382/570/410
f 382/571/410 271/572/386 134/514/371 267/513/370
f 251/573/400 382/571/410 267/513/370 118/512/369
f 111/340/252 234/563/406 383/574/411 236/493/356
f 234/563/406 133/521/377 272/524/380 383/574/411
f 383/574/411 272/524/380 135/474/347 244/473/346
f 236/493/356 383/574/411 244/473/346 115/494/331
f 109/568/335 229/566/408 384/575/412 238/576/359
f 229/566/408 132/506/363 273/509/366 384/575/412
f 384/575/412 273/509/366 134/514/371 239/577/388
f 238/502/359 384/578/412 239/579/388 117/503/360
f 85/373/279 259/369/277 385/580/413 228/581/341
f 259/369/277 127/368/276 274/477/350 385/580/413
f 385/580/413 274/477/350 131/479/320 264/582/414
f 228/581/341 385/580/413 264/582/414 107/583/315
f 101/428/317 262/584/415 386/585/416 224/546/397
f 262/584/415 129/436/325 275/469/345 386/585/416
f 386/585/416 275/469/345 135/586/347 268/587/384
f 224/546/397 386/585/416 268/587/384 116/547/383
f 107/426/315 264/588/414 387/589/417 222/427/316
f 264/588/414 131/431/320 276/434/323 387/589/417
f 387/589/417 276/434/323 129/436/325 262/584/415
f 222/427/316 387/589/417 262/584/415 101/428/317
f 102/405/299 263/590/418 388/591/419 217/406/300
f 263/590/418 130/392/225 277/395/291 388/591/419
f 388/591/419 277/395/291 128/400/295 261/569/409
f 217/406/300 388/591/419 261/569/409 96/407/301
f 89/223/158 191/475/348 468/592/15 469/593/14 201/224/159
f 191/475/348 127/368/276 465/372/278 464/594/16 468/592/15
f 201/224/159 469/593/14 470/595/13 488/225/160
f 84/302/216 186/299/219 447/596/420 424/597/421 425/598/217
f 186/299/219 126/298/218 448/362/272 447/596/420
f 389/599/422 471/162/111 454/90/66 455/91/67 309/351/261
f 314/600/423 389/599/422 309/351/261 157/350/260
f 77/601/273 258/602/268 390/603/424 226/604/343
f 258/358/268 126/298/218 279/301/221 390/605/424
f 390/605/424 279/301/221 130/306/225 263/606/418
f 226/465/343 390/605/424 263/606/418 102/466/299
f 75/192/134 164/191/133 461/607/425 460/608/426 256/609/427
f 164/610/133 462/611/428 461/612/425
f 256/609/427 460/608/426 439/613/429 437/88/65 438/614/430 280/279/204 123/272/200
f 78/232/167 172/231/166 391/615/431 184/561/404
f 172/231/166 75/192/134 256/609/427 391/615/431
f 391/615/431 256/609/427 123/272/200 281/269/197
f 184/561/404 391/615/431 281/269/197 124/268/196
f 72/177/122 171/236/171 392/616/432 182/617/433
f 171/236/171 86/240/175 253/538/389 392/616/432
f 392/616/432 253/538/389 120/213/150 282/210/148
f 182/617/433 392/616/432 282/210/148 121/209/128
f 162/178/123 72/177/122 182/617/433 393/618/434
f 393/618/434 182/617/433 121/209/128 283/180/125
f 70/619/147 284/620/146 394/621/435 288/622/436
f 284/620/146 71/623/145 289/624/437 394/621/435
f 394/621/435 289/624/437 137/175/120 160/171/116
f 288/622/436 394/621/435 160/171/116 136/170/115
f 74/625/438 285/626/439 395/627/440 290/628/441
f 285/626/439 73/629/442 291/630/443 395/627/440
f 395/627/440 291/630/443 139/631/444 166/196/138
f 290/628/441 395/627/440 166/196/138 138/195/137
f 158/197/139 310/200/142 396/632/445 313/633/446
f 310/200/142 70/208/147 288/634/436 396/632/445
f 396/632/445 288/634/436 136/635/115 503/636/447 505/637/448
f 313/633/446 396/632/445 505/637/448 497/638/449 496/639/450
f 159/202/143 311/640/451 397/641/452 312/642/453
f 311/640/451 74/643/438 290/644/441 397/641/452
f 397/645/452 290/628/441 138/195/137 292/245/177
f 312/642/453 397/641/452 292/242/177 140/241/176
f 71/205/145 287/203/144 398/646/454 289/647/437
f 287/203/144 159/202/143 312/642/453 398/646/454
f 398/646/454 312/642/453 140/241/176 167/648/455
f 289/624/437 398/649/454 167/650/455 137/175/120
f 73/651/442 286/652/456 399/653/457 291/654/443
f 286/652/456 158/197/139 313/633/446 399/653/457
f 399/653/457 313/633/446 496/639/450 493/655/458
f 291/654/443 399/653/457 493/655/458 489/656/459 139/657/444
f 400/658/460 314/600/423 157/350/260 278/659/461
f 97/398/293 302/660/462 401/661/463 250/534/387
f 302/660/462 150/430/319 315/545/396 401/661/463
f 401/661/463 315/545/396 156/549/362 308/662/361
f 250/534/387 401/661/463 308/662/361 117/535/360
f 113/663/381 233/664/464 402/665/465 237/528/382
f 233/664/464 154/497/337 316/500/358 402/665/465
f 402/665/465 316/500/358 156/505/362 243/666/398
f 237/528/382 402/665/465 243/666/398 116/529/383
f 110/517/374 232/667/466 403/668/467 245/518/375
f 232/669/466 153/480/231 317/483/352 403/670/467
f 403/670/467 317/483/352 155/491/249 242/671/248
f 245/672/375 403/670/467 242/671/248 119/673/247
f 84/296/216 298/292/212 404/674/468 225/675/222
f 298/292/212 146/291/211 318/458/340 404/674/468
f 404/674/468 318/458/340 152/463/311 304/676/469
f 225/675/222 404/674/468 304/676/469 103/677/223
f 91/278/203 179/678/470 405/679/471 194/680/403
f 179/678/470 144/267/195 319/448/333 405/679/471
f 405/681/471 319/454/333 154/455/337 233/682/464
f 194/680/403 405/679/471 233/664/464 113/663/381
f 103/396/223 304/683/469 406/684/472 218/397/292
f 304/683/469 152/422/311 320/425/314 406/684/472
f 406/684/472 320/425/314 150/430/319 302/660/462
f 218/397/292 406/684/472 302/660/462 97/398/293
f 106/413/257 303/685/473 407/686/474 221/414/305
f 303/685/473 151/418/240 321/421/310 407/686/474
f 407/686/474 321/421/310 149/329/241 301/687/475
f 221/414/305 407/686/474 301/687/475 100/415/306
f 76/322/236 189/321/233 408/688/476 204/388/288
f 189/318/233 145/317/232 322/378/283 408/689/476
f 408/690/476 322/382/283 147/385/285 199/691/477
f 204/388/288 408/688/476 199/692/477 93/389/289
f 278/659/461 157/350/260 323/353/263 409/693/478
f 409/693/478 323/353/263 148/357/267 300/694/479
f 198/695/480 409/693/478 300/694/479 92/696/481
f 100/415/306 301/687/475 410/697/482 193/443/328
f 301/687/475 149/329/241 324/332/244 410/697/482
f 410/697/482 324/332/244 155/337/249 307/698/354
f 193/443/328 410/697/482 307/698/354 114/444/329
f 79/219/154 297/379/281 411/699/483 197/346/256
f 297/376/281 145/317/232 325/320/235 411/700/483
f 411/700/483 325/320/235 151/328/240 303/701/473
f 197/346/256 411/699/483 303/702/473 106/347/257
f 88/238/173 170/703/484 412/704/485 249/543/394
f 170/705/484 141/249/181 326/308/227 412/706/485
f 412/706/485 326/308/227 153/480/231 232/669/466
f 249/543/394 412/704/485 232/667/466 110/517/374
f 85/459/279 190/456/338 420/707/486 418/708/280
f 190/456/338 146/291/211 422/295/215 420/707/486
f 413/709/487 327/289/210 142/290/182 294/710/185
f 185/711/207 413/709/487 294/710/185 82/712/190
f 83/256/188 177/255/187 414/713/488 181/276/202
f 177/255/187 143/254/186 328/266/193 414/713/488
f 414/713/488 328/266/193 144/267/195 179/678/470
f 181/276/202 414/713/488 179/678/470 91/278/203
f 81/190/132 175/188/131 415/714/489 176/715/209
f 175/188/131 80/187/130 295/263/191 415/714/489
f 415/714/489 295/263/191 143/254/186 329/251/183
f 176/715/209 415/714/489 329/251/183 142/250/182
f 137/175/120 167/650/455 416/716/490 174/237/172
f 167/648/455 140/241/176 330/244/179 416/717/490
f 416/717/490 330/244/179 141/249/181 170/705/484
f 174/237/172 416/716/490 170/703/484 88/238/173
f 73/718/442 285/719/439 417/720/491 286/721/456
f 285/719/439 74/643/438 311/640/451 417/720/491
f 417/720/491 311/640/451 159/202/143 331/201/140
f 286/721/456 417/720/491 331/201/140 158/722/139
f 485/71/51 478/70/11 480/723/10 501/173/118 332/172/117 162/178/123
f 483/724/492 482/725/109 475/726/105 474/727/106 314/600/423 400/658/460
f 464/20/16 465/728/278 451/104/78 34/21/17
f 456/729/493 457/730/494 198/731/480
f 491/732/162 492/733/495 299/384/284 94/734/163
f 443/97/73 446/735/496 445/736/497 456/737/493 457/738/494 458/739/498 459/740/499 15/107/81 35/100/75 61/98/74
f 427/741/90 428/742/89 429/743/88 327/289/210 413/709/487
f 424/744/421 447/745/420 448/746/272 449/747/271 54/22/18 32/24/20
f 429/743/88 435/748/87 345/285/208 327/289/210
f 481/749/500 483/724/492 400/658/460
f 434/78/55 430/77/54 450/73/53 484/72/52 393/618/434 283/180/125 122/179/124
f 453/750/68 452/751/69 260/752/264
f 477/367/275 476/360/270 353/359/269
f 492/733/495 495/753/501 147/385/285 299/384/284
f 466/27/23 467/754/502 487/755/503 486/756/504 26/30/26 55/28/24
f 489/656/459 486/757/504 487/758/503 139/657/444
f 467/754/502 466/27/23 463/26/22 462/759/428 164/191/133 334/194/136
f 458/739/498 459/740/499 481/749/500 400/658/460 278/659/461
f 441/760/70 442/761/71 200/762/266 95/763/265
f 502/764/46 504/765/45 93/766/289 199/691/477
f 486/757/504 489/656/459 493/655/458 496/639/450 497/638/449 58/64/48 26/67/26
f 494/63/47 495/767/501 492/768/495 491/769/162 490/770/161 488/771/160 470/772/13 23/57/12
f 484/773/52 485/774/51 162/775/123 393/776/434
f 459/740/499 481/749/500 483/724/492 482/725/109 49/153/103 15/107/81
f 487/755/503 467/754/502 334/194/136 166/196/138 139/631/444
f 439/613/429 460/608/426 461/607/425 462/759/428 463/26/22 13/25/21 40/83/60
f 435/748/87 431/777/84 432/778/57 433/779/56 122/780/124 255/286/127 345/285/208
f 421/781/214 423/782/213 425/783/217 424/744/421 32/24/20
f 452/751/69 441/784/70 95/785/265 260/752/264
f 495/753/501 494/786/47 502/764/46 199/691/477 147/385/285
f 445/787/497 456/729/493 198/731/480 92/788/481
f 497/638/449 505/637/448 503/636/447 500/789/119 501/790/118 480/14/10 4/13/7 21/65/6 58/64/48
f 500/789/119 503/636/447 136/635/115
f 449/747/271 476/791/270 477/792/275 479/793/42 23/16/12 54/22/18
f 433/779/56 434/794/55 122/780/124
f 442/761/71 444/795/72 148/796/267 200/762/266
f 419/106/80 418/797/280 420/798/486 422/799/215 421/781/214 32/24/20 10/23/19
f 446/800/496 445/801/497 92/802/481 300/803/479
f 444/795/72 443/804/73 446/800/496 300/803/479 148/796/267
f 474/727/106 473/160/107 472/161/110 389/599/422 314/600/423
f 457/738/494 458/739/498 278/659/461 409/693/478 198/695/480
f 472/161/110 471/162/111 389/599/422
f 438/614/430 436/805/505 125/281/206 280/279/204
f 437/88/65 439/613/429 40/83/60
f 437/88/65 60/82/59 438/614/430
f 438/614/430 60/82/59 436/805/505
f 60/82/59 33/87/64 436/805/505
f 436/805/505 33/87/64 125/281/206
f 413/709/487 185/711/207 427/741/90
f 185/284/207 125/806/206 426/123/91
f 427/741/90 185/711/207 426/807/91
f 426/808/91 125/281/206 33/87/64
